desc: I1 cache:         32768 B, 64 B, 8-way associative
desc: D1 cache:         32768 B, 64 B, 8-way associative
desc: LL cache:         3145728 B, 64 B, 12-way associative
cmd: ./matrixmult 1000
events: Ir I1mr ILmr Dr D1mr DLmr Dw D1mw DLmw 
fl=/build/buildd/eglibc-2.19/csu/../csu/init-first.c
fn=_init
52 8 1 1 0 0 0 4 0 0
58 4 1 1 1 0 0 1 1 1
65 5 1 1 4 0 0 0 0 0
70 1 0 0 0 0 0 1 1 1
71 1 0 0 0 0 0 1 0 0
72 2 0 0 1 1 0 1 1 1
86 4 0 0 0 0 0 1 0 0
94 1 0 0 0 0 0 1 0 0
99 6 0 0 5 0 0 0 0 0
fl=/build/buildd/eglibc-2.19/csu/../sysdeps/generic/dl-hash.h
fn=_init
43 1 0 0 0 0 0 0 0 0
44 1 0 0 0 0 0 0 0 0
45 13 0 0 4 0 0 0 0 0
48 12 0 0 0 0 0 0 0 0
49 8 0 0 0 0 0 0 0 0
62 8 0 0 0 0 0 0 0 0
67 1 1 1 0 0 0 0 0 0
fl=/build/buildd/eglibc-2.19/csu/../sysdeps/unix/sysv/linux/x86_64/init-first.c
fn=_init
38 7 1 1 0 0 0 4 0 0
40 4 0 0 0 0 0 1 0 0
41 2 0 0 0 0 0 0 0 0
42 2 1 1 0 0 0 0 0 0
43 2 1 1 1 0 0 0 0 0
44 1 0 0 0 0 0 1 1 0
46 3 0 0 0 0 0 1 0 0
50 3 0 0 0 0 0 0 0 0
51 2 0 0 1 0 0 0 0 0
52 1 0 0 0 0 0 1 0 0
fl=/build/buildd/eglibc-2.19/csu/../sysdeps/x86_64/multiarch/init-arch.c
fn=__init_cpu_features
31 7 1 1 0 0 0 4 0 0
37 3 0 0 0 0 0 0 0 0
38 3 0 0 0 0 0 0 0 0
39 2 0 0 0 0 0 0 0 0
45 1 0 0 0 0 0 1 0 0
54 3 1 1 0 0 0 1 0 0
57 6 0 0 0 0 0 0 0 0
59 3 0 0 0 0 0 0 0 0
65 3 0 0 0 0 0 0 0 0
66 2 1 1 0 0 0 0 0 0
71 2 0 0 0 0 0 0 0 0
74 12 1 1 0 0 0 0 0 0
101 2 1 1 0 0 0 0 0 0
123 1 0 0 1 1 1 0 0 0
127 1 1 1 0 0 0 0 0 0
152 2 1 1 1 0 0 0 0 0
153 7 0 0 0 0 0 4 0 0
160 3 0 0 1 0 0 0 0 0
164 2 0 0 0 0 0 0 0 0
166 3 1 1 0 0 0 0 0 0
170 2 1 1 0 0 0 0 0 0
171 1 0 0 1 0 0 0 0 0
173 2 0 0 0 0 0 0 0 0
176 2 0 0 1 0 0 0 0 0
184 6 1 1 0 0 0 0 0 0
185 5 0 0 0 0 0 0 0 0
186 2 0 0 0 0 0 0 0 0
189 1 0 0 0 0 0 1 0 0
190 1 0 0 0 0 0 1 0 0
192 1 0 0 0 0 0 1 0 0
193 2 0 0 2 0 0 0 0 0
fl=/build/buildd/eglibc-2.19/csu/libc-start.c
fn=(below main)
133 10 1 1 0 0 0 8 0 0
137 7 2 2 1 0 0 1 0 0
219 2 0 0 0 0 0 0 0 0
220 4 0 0 0 0 0 1 0 0
242 6 0 0 2 0 0 0 0 0
245 2 0 0 0 0 0 0 0 0
246 5 1 1 4 0 0 1 0 0
250 4 0 0 2 0 0 0 0 0
265 2 0 0 0 0 0 0 0 0
274 2 0 0 0 0 0 1 0 0
275 2 1 1 0 0 0 0 0 0
280 2 0 0 1 1 0 1 0 0
281 2 0 0 1 1 0 1 0 0
284 2 0 0 0 0 0 1 0 0
287 6 0 0 5 0 0 1 0 0
321 2 1 1 0 0 0 1 0 0
fl=/build/buildd/eglibc-2.19/ctype/ctype-info.c
fn=__ctype_init
31 7 1 1 5 3 0 1 0 0
33 4 0 0 2 0 0 1 0 0
35 5 1 1 3 0 0 1 0 0
fl=/build/buildd/eglibc-2.19/debug/../libio/libioP.h
fn=__fprintf_chk
913 10 0 0 0 0 0 5 0 0
914 10 1 1 5 0 0 0 0 0
915 40 0 0 20 0 0 5 0 0
fn=__printf_chk
913 1 0 0 1 0 0 0 0 0
914 2 0 0 1 0 0 0 0 0
915 8 1 1 4 0 0 1 0 0
fl=/build/buildd/eglibc-2.19/debug/fprintf_chk.c
fn=__fprintf_chk
26 55 3 3 0 0 0 25 2 2
30 80 1 1 45 20 20 5 0 0
31 10 0 0 0 0 0 0 0 0
32 5 0 0 5 0 0 0 0 0
34 30 0 0 0 0 0 20 4 4
35 25 1 1 0 0 0 5 0 0
38 10 0 0 0 0 0 0 0 0
39 15 0 0 5 0 0 5 0 0
43 25 0 0 15 0 0 0 0 0
fl=/build/buildd/eglibc-2.19/debug/printf_chk.c
fn=__printf_chk
26 12 2 2 0 0 0 7 0 0
30 18 2 2 11 4 2 1 0 0
31 2 0 0 0 0 0 0 0 0
32 2 0 0 2 0 0 0 0 0
34 6 1 1 0 0 0 4 0 0
35 5 0 0 1 0 0 1 0 0
38 2 0 0 0 0 0 0 0 0
39 2 0 0 2 0 0 0 0 0
43 6 0 0 4 0 0 0 0 0
fl=/build/buildd/eglibc-2.19/elf/../elf/dl-runtime.c
fn=_dl_fixup
66 90 1 1 0 0 0 54 0 0
68 18 0 0 18 0 0 0 0 0
69 36 0 0 36 8 6 0 0 0
72 90 1 1 36 13 10 0 0 0
73 126 0 0 36 15 10 18 2 2
74 54 0 0 36 4 3 0 0 0
79 36 0 0 0 0 0 0 0 0
83 36 1 1 18 13 10 0 0 0
85 2 1 1 0 0 0 0 0 0
87 54 0 0 18 7 5 0 0 0
91 34 0 0 34 13 9 0 0 0
92 68 0 0 17 4 3 0 0 0
94 68 0 0 17 6 4 0 0 0
100 18 0 0 0 0 0 0 0 0
101 54 1 1 18 1 1 0 0 0
108 36 0 0 18 6 3 18 0 0
111 180 1 1 36 8 5 54 0 0
115 54 0 0 18 0 0 0 0 0
119 72 0 0 18 0 0 18 0 0
125 108 1 1 36 0 0 0 0 0
133 18 0 0 18 0 0 0 0 0
141 72 0 0 18 0 0 0 0 0
145 54 0 0 18 5 3 0 0 0
149 90 0 0 72 0 0 0 0 0
fl=/build/buildd/eglibc-2.19/elf/../elf/dl-sysdep.c
fn=_dl_sysdep_start
86 8 1 1 0 0 0 7 1 1
87 2 0 0 0 0 0 0 0 0
88 1 0 0 0 0 0 0 0 0
110 1 0 0 0 0 0 1 0 0
111 207 1 1 67 8 8 4 3 3
114 2 0 0 0 0 0 1 0 0
115 1 0 0 0 0 0 1 1 1
117 90 4 4 23 5 5 10 0 0
118 111 0 0 21 3 3 0 0 0
121 1 0 0 1 0 0 0 0 0
122 1 0 0 0 0 0 0 0 0
124 1 0 0 1 0 0 0 0 0
125 1 0 0 0 0 0 0 0 0
127 1 1 1 1 0 0 0 0 0
128 1 0 0 0 0 0 0 0 0
130 1 0 0 1 0 0 0 0 0
131 1 0 0 0 0 0 0 0 0
151 1 1 1 1 0 0 0 0 0
152 1 0 0 0 0 0 0 0 0
154 1 0 0 1 0 0 0 0 0
155 1 0 0 0 0 0 0 0 0
157 1 1 1 1 0 0 0 0 0
158 1 0 0 0 0 0 0 0 0
163 1 0 0 1 0 0 0 0 0
164 1 0 0 0 0 0 0 0 0
179 1 0 0 1 0 0 0 0 0
180 1 0 0 0 0 0 0 0 0
232 3 1 1 0 0 0 2 0 0
234 5 0 0 0 0 0 1 0 0
246 3 1 1 1 0 0 0 0 0
249 6 0 0 2 0 0 1 0 0
250 1 0 0 1 0 0 0 0 0
251 8 0 0 7 1 0 0 0 0
fn=_dl_sysdep_start_cleanup
256 1 1 1 1 0 0 0 0 0
fl=/build/buildd/eglibc-2.19/elf/../misc/sbrk.c
fn=sbrk
34 4 1 1 0 0 0 2 1 1
42 6 0 0 2 0 0 0 0 0
46 2 1 1 0 0 0 0 0 0
57 5 0 0 3 0 0 0 0 0
fl=/build/buildd/eglibc-2.19/elf/../sysdeps/unix/sysv/linux/dl-osinfo.h
fn=security_init
61 2 0 0 0 0 0 0 0 0
84 2 1 1 1 0 0 1 0 0
86 1 1 1 1 0 0 0 0 0
93 1 0 0 1 0 0 0 0 0
101 2 0 0 0 0 0 0 0 0
112 1 0 0 1 0 0 0 0 0
fl=/build/buildd/eglibc-2.19/elf/../sysdeps/unix/sysv/linux/dl-sysdep.c
fn=_dl_discover_osversion
45 7 1 1 0 0 0 6 0 0
47 3 0 0 1 0 0 0 0 0
87 5 1 1 0 0 0 1 1 1
102 1 0 0 0 0 0 0 0 0
106 1 0 0 0 0 0 0 0 0
107 1 0 0 0 0 0 0 0 0
109 12 1 1 3 1 1 0 0 0
111 6 0 0 0 0 0 0 0 0
113 17 0 0 4 1 1 0 0 0
115 1 0 0 0 0 0 0 0 0
116 2 0 0 0 0 0 0 0 0
119 3 0 0 0 0 0 0 0 0
120 3 0 0 0 0 0 0 0 0
121 3 0 0 0 0 0 0 0 0
123 13 1 1 0 0 0 0 0 0
128 2 0 0 0 0 0 0 0 0
132 8 0 0 7 0 0 0 0 0
fn=_dl_sysdep_start
35 2 0 0 0 0 0 1 0 0
fl=/build/buildd/eglibc-2.19/elf/../sysdeps/unix/sysv/linux/dl-vdso.c
fn=_dl_vdso_vsym
26 5 0 0 0 0 0 0 0 0
27 10 1 1 10 1 0 0 0 0
28 10 1 1 5 0 0 0 0 0
31 10 0 0 0 0 0 0 0 0
fl=/build/buildd/eglibc-2.19/elf/../sysdeps/unix/sysv/linux/x86_64/brk.c
fn=brk
28 1 0 0 0 0 0 0 0 0
31 7 1 1 0 0 0 1 1 1
33 2 0 0 0 0 0 0 0 0
39 1 0 0 0 0 0 0 0 0
40 1 0 0 1 0 0 0 0 0
fl=/build/buildd/eglibc-2.19/elf/../sysdeps/x86_64/dl-irel.h
fn=_dl_fixup
32 3 1 1 0 0 0 1 0 0
fl=/build/buildd/eglibc-2.19/elf/../sysdeps/x86_64/dl-machine.h
fn=_dl_fixup
210 18 0 0 0 0 0 18 0 0
fn=_dl_relocate_object
71 16 1 1 4 0 0 0 0 0
77 6 1 1 6 2 0 0 0 0
81 9 0 0 3 3 2 0 0 0
87 3 0 0 0 0 0 3 0 0
95 9 1 1 3 0 0 0 0 0
108 6 0 0 0 0 0 3 0 0
111 12 0 0 3 2 0 0 0 0
244 200 0 0 0 0 0 0 0 0
265 200 1 1 0 0 0 0 0 0
269 200 0 0 0 0 0 0 0 0
276 3998 10 10 793 84 73 702 3 0
278 455 0 0 188 0 0 0 0 0
281 376 1 1 94 0 0 0 0 0
287 700 0 0 100 3 3 0 0 0
320 2 0 0 0 0 0 0 0 0
321 3 1 1 1 0 0 1 0 0
382 30 1 1 10 0 0 0 0 0
386 50 0 0 10 1 0 0 0 0
391 50 1 1 20 1 1 10 8 8
410 267 1 1 89 10 9 89 10 6
422 18 1 1 0 0 0 6 0 0
487 3582 0 0 1194 298 298 0 0 0
492 2388 1 1 0 0 0 0 0 0
493 3582 0 0 1194 150 150 1194 227 225
503 59 0 0 32 0 0 0 0 0
507 54 0 0 0 0 0 0 0 0
509 81 0 0 27 0 0 0 0 0
510 27 0 0 27 4 3 0 0 0
527 10 0 0 10 0 0 0 0 0
529 5 0 0 0 0 0 5 0 0
530 5 0 0 0 0 0 5 0 0
fn=_dl_start
58 3 0 0 1 1 1 0 0 0
241 9 0 0 0 0 0 0 0 0
269 18 0 0 0 0 0 0 0 0
278 36 0 0 18 2 2 0 0 0
281 36 0 0 9 5 5 0 0 0
287 55 0 0 9 2 2 0 0 0
391 9 1 1 9 1 1 0 0 0
400 9 0 0 0 0 0 9 2 2
492 20 0 0 10 1 1 0 0 0
493 30 0 0 10 1 1 10 2 2
fn=_dl_sysdep_start
200 5 0 0 2 1 1 0 0 0
fl=/build/buildd/eglibc-2.19/elf/../sysdeps/x86_64/dl-trampoline.S
fn=_dl_runtime_resolve
34 18 1 1 0 0 0 0 0 0
36 18 0 0 0 0 0 18 0 0
37 18 0 0 0 0 0 18 0 0
38 18 0 0 0 0 0 18 0 0
39 18 0 0 0 0 0 18 0 0
40 18 0 0 0 0 0 18 0 0
41 18 1 1 0 0 0 18 0 0
42 18 0 0 0 0 0 18 0 0
43 18 0 0 18 0 0 0 0 0
44 18 0 0 18 0 0 0 0 0
45 18 0 0 0 0 0 18 0 0
46 18 0 0 0 0 0 0 0 0
47 18 0 0 18 0 0 0 0 0
48 18 0 0 18 0 0 0 0 0
49 18 0 0 18 0 0 0 0 0
50 18 0 0 18 0 0 0 0 0
51 18 0 0 18 0 0 0 0 0
52 18 0 0 18 0 0 0 0 0
53 18 0 0 18 0 0 0 0 0
54 18 0 0 0 0 0 0 0 0
56 18 1 1 0 0 0 0 0 0
fl=/build/buildd/eglibc-2.19/elf/dl-addr.c
fn=_dl_addr
30 2 0 0 1 0 0 1 0 0
31 2 0 0 1 0 0 1 0 0
34 2 0 0 1 0 0 0 0 0
38 1 0 0 1 0 0 0 0 0
39 1 0 0 1 0 0 0 0 0
40 3 1 1 2 0 0 1 0 0
42 2 0 0 2 0 0 0 0 0
45 2 0 0 1 1 0 0 0 0
50 2029 0 0 2 0 0 0 0 0
52 1011 1 1 1011 57 18 0 0 0
53 2022 0 0 0 0 0 0 0 0
55 4927 0 0 905 0 0 0 0 0
61 11060 0 0 2212 470 427 0 0 0
63 8848 1 1 2212 0 0 0 0 0
64 16231 0 0 5080 351 318 0 0 0
69 2212 0 0 0 0 0 0 0 0
71 7647 1 1 2212 131 78 0 0 0
99 3 0 0 1 1 0 0 0 0
100 1 0 0 0 0 0 1 1 0
101 3 1 1 1 1 0 0 0 0
104 2 0 0 0 0 0 0 0 0
116 1 1 1 0 0 0 1 0 0
117 1 0 0 0 0 0 1 0 0
126 11 1 1 0 0 0 8 0 0
131 3 1 1 2 1 0 1 0 0
133 2 0 0 0 0 0 1 0 0
135 2 0 0 0 0 0 0 0 0
138 2 1 1 0 0 0 0 0 0
141 3 0 0 2 2 0 1 0 0
144 9 1 1 7 0 0 0 0 0
fl=/build/buildd/eglibc-2.19/elf/dl-altinit.c
fn=dlinit_alt
33 3 0 0 2 0 0 0 0 0
34 1 0 0 1 0 0 0 0 0
fl=/build/buildd/eglibc-2.19/elf/dl-cache.c
fn=_dl_cache_libcmp
138 30 1 1 20 10 10 0 0 0
139 100 0 0 0 0 0 0 0 0
141 147 0 0 0 0 0 0 0 0
143 51 0 0 0 0 0 0 0 0
149 3 1 1 0 0 0 0 0 0
150 2 0 0 0 0 0 0 0 0
151 4 0 0 1 0 0 0 0 0
153 5 1 1 1 0 0 0 0 0
155 2 0 0 0 0 0 0 0 0
161 96 1 1 0 0 0 0 0 0
163 174 0 0 78 0 0 0 0 0
164 9 0 0 0 0 0 0 0 0
167 39 0 0 0 0 0 0 0 0
168 39 0 0 0 0 0 0 0 0
171 2 0 0 0 0 0 0 0 0
172 20 0 0 10 0 0 0 0 0
fn=_dl_load_cache_lookup
182 8 1 1 0 0 0 6 0 0
190 2 0 0 1 0 0 0 0 0
193 3 0 0 1 0 0 0 0 0
196 5 1 1 0 0 0 1 0 0
204 5 0 0 1 0 0 0 0 0
205 6 1 1 0 0 0 1 0 0
209 1 0 0 0 0 0 1 0 0
212 4 0 0 1 0 0 0 0 0
215 2 0 0 0 0 0 1 0 0
216 3 0 0 0 0 0 0 0 0
217 5 1 1 0 0 0 1 0 0
219 2 0 0 0 0 0 0 0 0
244 3 1 1 1 0 0 0 0 0
253 5 0 0 2 0 0 1 0 0
259 4 0 0 0 0 0 2 0 0
263 7 1 1 2 0 0 2 0 0
264 6 0 0 3 0 0 0 0 0
278 233 9 9 30 9 9 11 0 0
294 2 1 1 1 0 0 0 0 0
299 9 0 0 7 0 0 0 0 0
fn=_dl_unload_cache
308 1 0 0 0 0 0 0 0 0
309 4 1 1 1 1 0 0 0 0
311 2 0 0 1 1 0 1 0 0
312 1 0 0 0 0 0 1 0 0
314 2 0 0 1 0 0 0 0 0
fl=/build/buildd/eglibc-2.19/elf/dl-debug.c
fn=_dl_debug_initialize
50 8 1 1 0 0 0 0 0 0
51 4 1 1 4 0 0 0 0 0
55 14 0 0 4 1 0 0 0 0
58 1 0 0 0 0 0 1 0 0
59 2 0 0 0 0 0 1 0 0
60 6 0 0 2 0 0 1 0 0
61 2 0 0 0 0 0 1 0 0
fn=_dl_debug_state
74 2 1 1 2 0 0 0 0 0
fl=/build/buildd/eglibc-2.19/elf/dl-deps.c
fn=_dl_map_object_deps
147 11 2 2 0 0 0 9 0 0
148 9 0 0 0 0 0 1 0 0
160 6 0 0 0 0 0 2 0 0
161 2 0 0 0 0 0 2 0 0
162 10 0 0 0 0 0 3 0 0
164 1 0 0 0 0 0 0 0 0
168 8 1 1 2 0 0 2 0 0
178 8 1 1 1 0 0 0 0 0
179 1 0 0 1 0 0 0 0 0
182 3 1 1 0 0 0 2 0 0
188 1 0 0 0 0 0 1 0 0
189 1 0 0 0 0 0 1 0 0
201 2 0 0 1 0 0 1 0 0
202 1 0 0 0 0 0 0 0 0
203 1 0 0 0 0 0 1 0 0
204 2 0 0 0 0 0 2 0 0
209 4 0 0 0 0 0 0 0 0
210 4 1 1 0 0 0 0 0 0
213 4 0 0 0 0 0 4 0 0
217 16 1 1 8 0 0 0 0 0
218 17 1 1 7 0 0 0 0 0
220 2 0 0 0 0 0 0 0 0
222 6 0 0 4 0 0 0 0 0
224 26 1 1 2 0 0 4 0 0
229 16 1 1 8 0 0 0 0 0
231 6 0 0 4 0 0 2 0 0
236 2 0 0 0 0 0 2 0 0
237 2 0 0 0 0 0 2 0 0
238 4 0 0 2 0 0 2 0 0
239 4 0 0 2 0 0 2 0 0
242 206 0 0 54 0 0 2 0 0
243 96 0 0 0 0 0 0 0 0
249 14 1 1 4 0 0 2 0 0
251 2 0 0 0 0 0 2 0 0
254 12 1 1 8 0 0 2 0 0
256 6 0 0 2 0 0 0 0 0
271 2 0 0 2 0 0 0 0 0
273 4 0 0 2 0 0 0 0 0
278 6 0 0 0 0 0 0 0 0
281 2 0 0 0 0 0 2 0 0
282 2 1 1 0 0 0 2 0 0
283 2 0 0 0 0 0 2 0 0
284 4 0 0 2 0 0 2 0 0
286 8 0 0 2 0 0 2 0 0
288 10 0 0 2 0 0 4 0 0
292 4 0 0 0 0 0 0 0 0
293 3 0 0 0 0 0 1 0 0
295 138 1 1 0 0 0 0 0 0
343 9 1 1 0 0 0 4 0 0
471 8 1 1 0 0 0 0 0 0
473 6 0 0 0 0 0 2 0 0
475 4 0 0 0 0 0 2 0 0
476 4 0 0 0 0 0 0 0 0
477 4 1 1 0 0 0 0 0 0
480 2 0 0 0 0 0 2 0 0
481 12 0 0 0 0 0 2 0 0
482 10 0 0 0 0 0 2 0 0
485 2 0 0 0 0 0 2 0 0
486 2 0 0 2 0 0 0 0 0
490 16 1 1 8 0 0 0 0 0
492 4 0 0 4 0 0 0 0 0
493 17 0 0 3 0 0 0 0 0
497 6 1 1 2 0 0 0 0 0
498 2 0 0 1 0 0 1 0 0
501 5 0 0 2 0 0 1 0 0
511 2 0 0 0 0 0 1 0 0
512 3 1 1 1 0 0 0 0 0
514 2 0 0 0 0 0 0 0 0
519 7 1 1 2 0 0 1 0 0
520 4 0 0 1 0 0 1 0 0
522 23 0 0 9 0 0 1 0 0
528 12 1 1 4 0 0 4 1 1
532 8 0 0 8 0 0 0 0 0
535 2 0 0 1 0 0 0 0 0
586 6 1 1 3 0 0 1 0 0
587 1 0 0 0 0 0 1 0 0
588 3 0 0 1 0 0 0 0 0
623 7 1 1 1 0 0 2 0 0
625 3 0 0 0 0 0 0 0 0
629 16 0 0 6 0 0 3 0 0
630 8 1 1 0 0 0 2 0 0
631 3 1 1 1 0 0 1 0 0
635 3 0 0 3 0 0 0 0 0
636 6 0 0 3 0 0 0 0 0
642 17 1 1 3 0 0 0 0 0
644 12 0 0 6 0 0 0 0 0
645 8 0 0 0 0 0 0 0 0
647 9 0 0 3 0 0 0 0 0
648 6 0 0 0 0 0 0 0 0
658 2 1 1 2 0 0 0 0 0
670 3 1 1 0 0 0 0 0 0
673 9 0 0 3 0 0 0 0 0
676 35 0 0 9 0 0 9 0 0
683 2 1 1 1 0 0 1 0 0
685 2 0 0 1 0 0 1 0 0
686 1 0 0 1 0 0 0 0 0
687 3 0 0 1 0 0 0 0 0
694 3 0 0 1 0 0 0 0 0
697 2 0 0 0 0 0 0 0 0
700 8 0 0 7 0 0 0 0 0
fn=openaux
60 4 1 1 0 0 0 2 0 0
63 20 1 1 8 0 0 4 0 0
64 4 0 0 2 0 0 0 0 0
67 2 0 0 2 0 0 0 0 0
68 4 0 0 4 0 0 0 0 0
fl=/build/buildd/eglibc-2.19/elf/dl-environ.c
fn=_dl_next_ld_env_entry
30 3 1 1 3 0 0 0 0 0
31 1 0 0 0 0 0 0 0 0
33 200 0 0 66 0 0 0 0 0
35 130 0 0 65 31 31 0 0 0
36 24 1 1 11 0 0 0 0 0
38 2 0 0 0 0 0 0 0 0
41 4 0 0 0 0 0 2 0 0
43 2 0 0 2 0 0 0 0 0
46 63 0 0 0 0 0 0 0 0
50 1 0 0 1 0 0 0 0 0
fl=/build/buildd/eglibc-2.19/elf/dl-error.c
fn=_dl_catch_error
163 12 1 1 0 0 0 9 0 0
175 6 0 0 0 0 0 6 3 3
176 6 0 0 0 0 0 6 1 1
177 6 0 0 0 0 0 6 0 0
178 6 0 0 0 0 0 3 0 0
180 6 0 0 3 0 0 6 1 1
181 6 0 0 3 0 0 3 0 0
182 6 1 1 0 0 0 3 0 0
185 18 0 0 0 0 0 3 0 0
187 9 0 0 6 0 0 3 0 0
188 9 0 0 6 0 0 3 0 0
189 6 0 0 3 0 0 3 0 0
190 6 1 1 3 0 0 3 0 0
191 6 0 0 3 0 0 3 0 0
199 12 0 0 6 0 0 0 0 0
fn=_dl_receive_error
205 10 1 1 0 0 0 6 0 0
206 2 0 0 1 0 0 1 0 0
210 1 0 0 1 0 0 0 0 0
211 1 0 0 1 0 0 0 0 0
214 1 0 0 0 0 0 1 0 0
215 1 0 0 0 0 0 1 0 0
217 2 0 0 0 0 0 1 0 0
219 1 1 1 0 0 0 1 0 0
220 1 0 0 0 0 0 1 0 0
221 8 0 0 7 0 0 0 0 0
fl=/build/buildd/eglibc-2.19/elf/dl-fini.c
fn=_dl_fini
131 8 1 1 0 0 0 6 0 0
143 1 0 0 0 0 0 0 0 0
144 1 1 1 0 0 0 1 0 0
150 1 0 0 0 0 0 1 0 0
153 12 0 0 2 1 1 2 0 0
156 2 1 1 1 1 1 1 0 0
159 2 0 0 2 1 1 0 0 0
162 2 0 0 0 0 0 0 0 0
164 6 1 1 3 0 0 0 0 0
171 2 0 0 1 0 0 0 0 0
175 4 0 0 1 0 0 0 0 0
177 2 0 0 1 0 0 0 0 0
180 9 1 1 0 0 0 1 0 0
183 2 0 0 0 0 0 1 0 0
191 12 0 0 4 0 0 0 0 0
193 8 0 0 4 0 0 0 0 0
195 8 0 0 4 0 0 0 0 0
197 12 1 1 4 0 0 4 0 0
198 4 0 0 0 0 0 4 2 2
199 4 0 0 4 0 0 0 0 0
203 4 0 0 4 0 0 0 0 0
205 2 0 0 1 0 0 0 0 0
210 6 0 0 2 0 0 1 0 0
219 2 1 1 1 0 0 1 0 0
223 13 1 1 5 0 0 0 0 0
225 4 0 0 4 0 0 0 0 0
227 12 0 0 4 0 0 0 0 0
230 8 0 0 0 0 0 4 0 0
233 12 0 0 4 2 2 0 0 0
234 4 1 1 2 2 2 0 0 0
237 4 1 1 2 0 0 0 0 0
244 4 0 0 0 0 0 0 0 0
248 4 0 0 4 1 1 0 0 0
249 2 0 0 2 0 0 0 0 0
250 4 0 0 2 0 0 0 0 0
251 12 1 1 0 0 0 0 0 0
252 4 0 0 2 2 2 2 0 0
256 6 0 0 2 2 2 0 0 0
257 6 0 0 4 2 2 2 0 0
262 24 0 0 8 1 1 0 0 0
278 8 0 0 4 0 0 0 0 0
283 6 0 0 2 0 0 0 0 0
289 2 1 1 1 0 0 0 0 0
296 8 1 1 7 0 0 0 0 0
fn=_dl_sort_fini
32 13 1 1 0 0 0 10 0 0
34 2 0 0 0 0 0 0 0 0
39 4 0 0 0 0 0 1 0 0
40 6 1 1 0 0 0 1 0 0
41 3 0 0 1 0 0 1 0 0
45 9 0 0 3 0 0 3 0 0
46 9 0 0 3 0 0 0 0 0
50 15 0 0 6 0 0 0 0 0
56 14 1 1 4 0 0 1 0 0
57 14 0 0 0 0 0 0 0 0
59 12 1 1 6 1 1 0 0 0
60 8 0 0 0 0 0 0 0 0
62 9 0 0 3 1 1 0 0 0
63 6 0 0 0 0 0 0 0 0
93 9 1 1 3 0 0 0 0 0
114 3 0 0 0 0 0 0 0 0
118 16 0 0 3 0 0 0 0 0
121 27 1 1 11 0 0 6 0 0
125 8 0 0 7 0 0 0 0 0
fl=/build/buildd/eglibc-2.19/elf/dl-hwcaps.c
fn=_dl_important_hwcaps
39 12 1 1 0 0 0 10 1 1
41 1 0 0 1 0 0 0 0 0
42 4 0 0 0 0 0 1 0 0
51 3 1 1 1 0 0 0 0 0
61 4 1 1 1 0 0 1 0 0
92 2 1 1 0 0 0 0 0 0
113 1 1 1 0 0 0 0 0 0
115 5 0 0 0 0 0 1 0 0
130 6 0 0 0 0 0 0 0 0
131 2 0 0 0 0 0 0 0 0
133 2 0 0 0 0 0 0 0 0
145 2 1 1 0 0 0 0 0 0
162 2 1 1 0 0 0 0 0 0
170 2 1 1 1 0 0 0 0 0
172 4 0 0 1 0 0 1 0 0
173 4 1 1 1 0 0 1 0 0
177 3 0 0 0 0 0 1 0 0
178 1 0 0 0 0 0 1 0 0
181 2 0 0 0 0 0 0 0 0
184 2 0 0 0 0 0 0 0 0
188 12 1 1 2 0 0 3 0 0
189 2 0 0 0 0 0 0 0 0
207 12 2 2 1 0 0 6 0 0
208 5 0 0 0 0 0 1 0 0
209 4 0 0 2 0 0 0 0 0
238 3 0 0 0 0 0 2 0 0
241 2 0 0 0 0 0 0 0 0
243 5 2 2 2 0 0 2 0 0
244 7 0 0 2 0 0 4 0 0
269 19 2 2 3 0 0 0 0 0
270 8 0 0 0 0 0 4 0 0
274 12 0 0 0 0 0 0 0 0
277 28 0 0 0 0 0 0 0 0
278 24 1 1 0 0 0 0 0 0
279 12 0 0 8 0 0 0 0 0
281 4 0 0 0 0 0 0 0 0
284 3 0 0 1 0 0 0 0 0
285 1 0 0 0 0 0 0 0 0
286 12 2 2 3 0 0 0 0 0
299 6 0 0 2 0 0 2 0 0
300 2 0 0 0 0 0 0 0 0
302 4 0 0 0 0 0 0 0 0
305 3 0 0 2 0 0 1 0 0
307 1 0 0 0 0 0 0 0 0
308 8 0 0 7 0 0 0 0 0
fl=/build/buildd/eglibc-2.19/elf/dl-init.c
fn=_dl_init
36 26 2 2 5 0 0 4 0 0
86 11 2 2 0 0 0 6 0 0
87 1 0 0 1 1 0 0 0 0
88 1 0 0 1 0 0 0 0 0
91 3 0 0 1 0 0 0 0 0
94 2 0 0 0 0 0 1 0 0
98 4 0 0 1 0 0 0 0 0
125 15 0 0 0 0 0 0 0 0
126 12 0 0 8 0 0 0 0 0
132 8 0 0 7 0 0 0 0 0
fn=call_init.part.0
34 36 0 0 0 0 0 20 1 0
42 12 1 1 4 0 0 4 0 0
45 16 0 0 8 1 0 0 0 0
46 3 0 0 0 0 0 0 0 0
50 9 0 0 3 3 0 0 0 0
51 2 0 0 1 1 0 0 0 0
55 4 0 0 2 0 0 0 0 0
63 4 0 0 0 0 0 0 0 0
64 12 0 0 4 2 0 2 0 0
67 2 1 1 2 2 0 0 0 0
68 4 0 0 0 0 0 0 0 0
74 6 0 0 4 1 0 0 0 0
76 4 0 0 4 0 0 0 0 0
77 16 1 1 0 0 0 0 0 0
78 15 0 0 3 0 0 3 0 0
80 24 0 0 24 0 0 0 0 0
fl=/build/buildd/eglibc-2.19/elf/dl-load.c
fn=_dl_init_paths
714 9 1 1 0 0 0 6 0 0
727 6 1 1 2 0 0 2 0 0
731 1 0 0 0 0 0 1 0 0
732 3 0 0 0 0 0 1 0 0
733 2 0 0 0 0 0 0 0 0
740 5 1 1 0 0 0 0 0 0
741 5 0 0 1 0 0 2 0 0
744 1 0 0 0 0 0 1 0 0
745 2 0 0 0 0 0 1 0 0
747 3 0 0 1 0 0 0 0 0
753 1 0 0 0 0 0 1 0 0
754 1 0 0 0 0 0 1 0 0
762 13 0 0 0 0 0 3 1 1
764 8 1 1 0 0 0 4 0 0
765 7 1 1 0 0 0 4 3 3
767 8 0 0 0 0 0 4 0 0
768 14 0 0 3 1 1 4 1 1
769 33 0 0 4 0 0 13 0 0
772 9 1 1 3 1 1 0 0 0
776 27 1 1 15 0 0 5 0 0
782 1 1 1 0 0 0 1 1 1
783 1 0 0 0 0 0 1 0 0
787 1 1 1 1 0 0 0 0 0
788 2 0 0 0 0 0 0 0 0
790 4 0 0 1 0 0 0 0 0
792 3 0 0 1 0 0 0 0 0
809 1 0 0 0 0 0 1 0 0
811 3 1 1 1 0 0 0 0 0
825 2 1 1 0 0 0 1 0 0
830 4 2 2 1 0 0 0 0 0
838 5 0 0 0 0 0 1 0 0
840 11 1 1 0 0 0 2 0 0
856 2 0 0 0 0 0 0 0 0
857 46 1 1 15 0 0 0 0 0
859 14 0 0 0 0 0 0 0 0
860 42 0 0 0 0 0 0 0 0
861 14 0 0 0 0 0 0 0 0
864 1 0 0 0 0 0 1 0 0
865 1 0 0 0 0 0 1 0 0
866 2 0 0 0 0 0 0 0 0
872 8 0 0 1 0 0 2 0 0
876 3 1 1 2 0 0 0 0 0
882 1 0 0 0 0 0 1 0 0
886 8 0 0 7 0 0 0 0 0
fn=_dl_map_object
161 4 0 0 0 0 0 2 0 0
162 2 0 0 0 0 0 1 0 0
164 3 0 0 1 0 0 0 0 0
167 4 1 1 1 0 0 1 0 0
691 9 1 1 3 0 0 0 0 0
2317 30 2 2 0 0 0 24 2 2
2324 6 0 0 0 0 0 0 0 0
2325 6 0 0 3 1 1 0 0 0
2328 45 1 1 9 0 0 0 0 0
2333 21 0 0 7 0 0 0 0 0
2334 14 0 0 0 0 0 0 0 0
2336 36 0 0 0 0 0 7 0 0
2340 12 0 0 6 0 0 0 0 0
2341 18 1 1 6 0 0 0 0 0
2344 2 0 0 2 0 0 0 0 0
2345 4 0 0 4 0 0 0 0 0
2346 8 1 1 0 0 0 2 0 0
2362 4 1 1 2 0 0 0 0 0
2372 12 1 1 2 0 0 2 0 0
2396 2 0 0 0 0 0 2 1 1
2398 10 0 0 0 0 0 2 0 0
2402 4 1 1 0 0 0 2 0 0
2404 2 0 0 1 0 0 0 0 0
2411 4 1 1 1 0 0 0 0 0
2415 2 1 1 1 0 0 1 0 0
2416 3 0 0 0 0 0 1 0 0
2420 3 1 1 1 0 0 0 0 0
2421 1 0 0 0 0 0 0 0 0
2423 11 1 1 0 0 0 4 0 0
2435 4 1 1 3 0 0 0 0 0
2436 7 1 1 2 0 0 0 0 0
2437 1 1 1 0 0 0 0 0 0
2446 2 0 0 1 0 0 0 0 0
2447 18 1 1 2 0 0 4 0 0
2453 6 0 0 0 0 0 2 0 0
2454 1 1 1 0 0 0 0 0 0
2456 2 1 1 1 0 0 1 0 0
2462 4 0 0 0 0 0 1 0 0
2464 3 0 0 1 0 0 0 0 0
2468 3 0 0 0 0 0 2 0 0
2470 2 0 0 0 0 0 0 0 0
2474 3 1 1 1 0 0 0 0 0
2482 2 0 0 1 0 0 0 0 0
2504 9 1 1 2 0 0 1 0 0
2507 3 0 0 0 0 0 1 0 0
2509 1 0 0 0 0 0 1 0 0
2510 3 0 0 1 0 0 0 0 0
2530 2 1 1 1 0 0 0 0 0
2536 1 0 0 0 0 0 1 0 0
2538 6 0 0 0 0 0 1 0 0
2539 3 1 1 0 0 0 0 0 0
2540 1 0 0 0 0 0 0 0 0
2543 7 0 0 0 0 0 1 0 0
2546 2 0 0 0 0 0 0 0 0
2558 8 0 0 2 0 0 0 0 0
2560 4 1 1 0 0 0 0 0 0
2604 4 0 0 2 0 0 2 0 0
2605 24 1 1 4 0 0 8 0 0
2607 24 0 0 21 0 0 0 0 0
fn=_dl_map_object_from_fd
474 2 1 1 1 0 0 0 0 0
923 30 1 1 0 0 0 20 2 2
934 8 1 1 2 0 0 4 1 1
935 2 0 0 0 0 0 2 0 0
938 12 0 0 0 0 0 2 0 0
949 29 1 1 9 0 0 0 0 0
950 26 0 0 14 1 1 0 0 0
967 4 1 1 2 0 0 0 0 0
992 4 0 0 2 0 0 0 0 0
1002 4 1 1 2 0 0 0 0 0
1024 8 0 0 4 0 0 0 0 0
1056 4 0 0 0 0 0 0 0 0
1059 16 1 1 8 0 0 2 0 0
1060 4 0 0 0 0 0 0 0 0
1071 6 0 0 4 0 0 2 2 2
1072 6 0 0 4 0 0 2 0 0
1073 4 1 1 2 0 0 2 0 0
1075 10 0 0 0 0 0 0 0 0
1076 8 0 0 4 0 0 0 0 0
1077 2 0 0 0 0 0 0 0 0
1092 2 1 1 0 0 0 2 0 0
1101 24 1 1 4 0 0 6 0 0
1102 2 0 0 0 0 0 0 0 0
1103 2 0 0 0 0 0 0 0 0
1109 142 0 0 0 0 0 0 0 0
1110 136 2 2 17 0 0 0 0 0
1116 4 0 0 2 0 0 2 0 0
1117 6 0 0 2 0 0 2 0 0
1118 2 0 0 0 0 0 0 0 0
1121 2 0 0 1 0 0 1 0 0
1122 1 0 0 0 0 0 0 0 0
1127 20 2 2 8 0 0 0 0 0
1133 24 0 0 8 0 0 0 0 0
1134 4 0 0 0 0 0 0 0 0
1141 20 0 0 4 0 0 0 0 0
1142 16 0 0 0 0 0 4 2 2
1143 12 0 0 4 0 0 0 0 0
1144 8 0 0 0 0 0 4 2 2
1145 4 0 0 0 0 0 4 0 0
1146 8 1 1 4 0 0 4 0 0
1147 8 0 0 0 0 0 4 0 0
1151 8 0 0 0 0 0 0 0 0
1152 6 0 0 2 0 0 0 0 0
1157 28 1 1 4 0 0 4 0 0
1167 4 0 0 0 0 0 0 0 0
1170 3 0 0 1 0 0 0 0 0
1174 1 0 0 0 0 0 1 1 1
1175 2 1 1 1 0 0 1 0 0
1176 2 0 0 0 0 0 0 0 0
1177 1 0 0 0 0 0 0 0 0
1179 3 0 0 1 0 0 1 1 1
1180 2 0 0 1 0 0 1 0 0
1183 2 0 0 1 0 0 1 0 0
1187 4 0 0 1 0 0 0 0 0
1193 3 0 0 1 0 0 2 1 1
1194 1 0 0 0 0 0 0 0 0
1198 8 0 0 2 0 0 2 0 0
1206 10 0 0 0 0 0 0 0 0
1250 4 1 1 2 0 0 2 0 0
1251 8 0 0 0 0 0 0 0 0
1254 4 1 1 2 0 0 2 0 0
1255 6 0 0 4 0 0 2 0 0
1256 2 0 0 0 0 0 0 0 0
1259 6 0 0 0 0 0 0 0 0
1272 16 1 1 10 0 0 2 0 0
1274 4 0 0 2 0 0 0 0 0
1288 2 0 0 2 0 0 0 0 0
1293 14 1 1 8 0 0 4 1 1
1297 4 0 0 0 0 0 0 0 0
1304 6 0 0 2 0 0 2 0 0
1305 6 1 1 4 0 0 2 0 0
1307 4 0 0 0 0 0 0 0 0
1313 12 0 0 2 0 0 2 0 0
1314 2 1 1 2 0 0 0 0 0
1317 2 0 0 2 0 0 0 0 0
1319 2 0 0 2 0 0 0 0 0
1340 20 0 0 4 0 0 0 0 0
1342 8 1 1 4 0 0 0 0 0
1344 20 0 0 8 0 0 2 0 0
1352 12 0 0 4 0 0 0 0 0
1353 6 1 1 4 0 0 2 0 0
1355 8 0 0 4 0 0 0 0 0
1356 5 1 1 3 0 0 0 0 0
1357 6 0 0 2 0 0 0 0 0
1358 5 1 1 1 0 0 0 0 0
1360 4 0 0 0 0 0 1 0 0
1363 16 0 0 8 0 0 0 0 0
1369 4 0 0 2 0 0 0 0 0
1370 2 0 0 0 0 0 0 0 0
1371 10 0 0 2 0 0 0 0 0
1372 4 1 1 0 0 0 0 0 0
1379 4 0 0 0 0 0 0 0 0
1382 4 0 0 0 0 0 0 0 0
1393 14 0 0 0 0 0 6 0 0
1394 10 0 0 6 0 0 0 0 0
1399 4 0 0 0 0 0 0 0 0
1403 8 0 0 1 0 0 1 0 0
1406 2 0 0 0 0 0 0 0 0
1414 4 1 1 0 0 0 0 0 0
1418 8 1 1 4 0 0 0 0 0
1427 6 0 0 2 0 0 2 0 0
1433 4 0 0 0 0 0 0 0 0
1449 6 1 1 2 0 0 0 0 0
1468 4 0 0 2 0 0 2 0 0
1470 10 0 0 4 0 0 0 0 0
1525 6 0 0 2 1 1 0 0 0
1526 2 0 0 1 0 0 1 0 0
1529 8 1 1 2 0 0 2 0 0
1537 14 1 1 2 0 0 0 0 0
1540 8 1 1 4 0 0 2 0 0
1542 4 0 0 2 0 0 0 0 0
1558 4 0 0 0 0 0 2 0 0
1562 4 0 0 2 0 0 0 0 0
1563 4 0 0 2 0 0 0 0 0
1580 4 1 1 2 0 0 0 0 0
1581 1 0 0 0 0 0 1 0 0
1584 4 0 0 2 0 0 2 0 0
1585 4 0 0 2 0 0 2 0 0
1589 4 0 0 2 0 0 0 0 0
1599 6 1 1 2 0 0 2 0 0
1603 8 0 0 2 0 0 0 0 0
1623 16 0 0 14 0 0 0 0 0
fn=expand_dynamic_string_token
161 6 0 0 0 0 0 2 0 0
162 4 1 1 0 0 0 2 0 0
164 4 0 0 0 0 0 0 0 0
167 8 0 0 0 0 0 0 0 0
415 16 1 1 0 0 0 10 0 0
425 10 0 0 0 0 0 2 0 0
440 10 0 0 10 0 0 0 0 0
fn=fillin_rpath
486 17 1 1 0 0 0 12 0 0
488 1 0 0 0 0 0 0 0 0
491 7 1 1 0 0 0 2 0 0
495 5 0 0 1 0 0 1 0 0
497 3 0 0 0 0 0 1 0 0
501 2 0 0 0 0 0 0 0 0
508 8 2 2 1 0 0 0 0 0
513 2 0 0 0 0 0 1 0 0
516 5 0 0 1 0 0 0 0 0
523 18 1 1 5 0 0 1 0 0
524 8 0 0 4 0 0 0 0 0
542 4 2 2 1 0 0 1 0 0
545 2 0 0 0 0 0 1 0 0
546 4 1 1 2 0 0 1 0 0
547 4 0 0 0 0 0 2 0 0
548 4 1 1 2 0 0 0 0 0
552 1 0 0 0 0 0 1 1 1
553 1 0 0 0 0 0 0 0 0
554 5 0 0 0 0 0 3 0 0
555 1 0 0 0 0 0 1 0 0
557 3 0 0 2 0 0 0 0 0
563 4 1 1 1 0 0 0 0 0
564 14 0 0 0 0 0 0 0 0
565 10 1 1 0 0 0 2 0 0
567 2 0 0 1 0 0 1 0 0
568 2 0 0 1 0 0 0 0 0
573 2 1 1 0 0 0 1 0 0
575 2 1 1 1 0 0 1 0 0
576 1 0 0 0 0 0 1 0 0
579 3 0 0 0 0 0 1 0 0
581 4 1 1 2 0 0 1 0 0
585 1 0 0 0 0 0 1 0 0
588 9 0 0 7 0 0 0 0 0
fn=open_path
2168 14 2 2 0 0 0 12 0 0
2169 2 0 0 1 0 0 1 0 0
2172 1 0 0 0 0 0 1 0 0
2173 1 1 1 0 0 0 1 0 0
2175 2 0 0 0 0 0 0 0 0
2180 8 0 0 2 0 0 0 0 0
2183 1 0 0 1 0 0 0 0 0
2187 2 0 0 0 0 0 0 0 0
2192 2 0 0 1 0 0 0 0 0
2199 5 0 0 2 0 0 2 0 0
2200 16 1 1 1 0 0 0 0 0
2203 8 1 1 4 0 0 0 0 0
2207 52 1 1 24 0 0 8 0 0
2210 4 0 0 0 0 0 0 0 0
2213 8 0 0 4 0 0 0 0 0
2216 28 1 1 16 0 0 4 0 0
2218 12 0 0 4 0 0 0 0 0
2220 8 0 0 0 0 0 0 0 0
2225 8 1 1 4 0 0 0 0 0
2226 36 0 0 16 0 0 0 0 0
2232 17 1 1 5 0 0 5 0 0
2234 24 1 1 4 0 0 4 0 0
2235 2 0 0 1 0 0 0 0 0
2237 21 1 1 4 0 0 4 0 0
2244 8 0 0 0 0 0 0 0 0
2254 2 0 0 0 0 0 1 0 0
2282 1 0 0 0 0 0 0 0 0
2285 5 0 0 1 0 0 0 0 0
2290 1 1 1 1 0 0 0 0 0
2292 4 0 0 3 0 0 0 0 0
2295 3 0 0 1 0 0 0 0 0
2309 11 1 1 7 0 0 0 0 0
fn=open_verify
1873 12 2 2 0 0 0 8 1 1
1909 3 0 0 1 0 0 0 0 0
1930 5 0 0 1 0 0 2 0 0
1931 2 0 0 0 0 0 0 0 0
1941 1 1 1 0 0 0 1 0 0
1942 2 0 0 0 0 0 1 1 1
1947 6 0 0 1 0 0 1 0 0
1949 2 0 0 0 0 0 0 0 0
1951 3 0 0 1 0 0 1 0 0
1953 2 0 0 0 0 0 0 0 0
1959 2 1 1 0 0 0 0 0 0
1975 11 0 0 0 0 0 1 0 0
1977 1 0 0 1 0 0 0 0 0
1979 4 1 1 0 0 0 1 0 0
2006 3 1 1 2 0 0 0 0 0
2050 2 0 0 1 0 0 0 0 0
2055 2 0 0 1 0 0 0 0 0
2058 4 0 0 1 0 0 0 0 0
2063 2 1 1 1 1 1 0 0 0
2070 5 0 0 1 0 0 0 0 0
2071 4 0 0 1 0 0 0 0 0
2072 1 0 0 0 0 0 0 0 0
2087 61 0 0 0 0 0 0 0 0
2089 19 1 1 9 5 5 0 0 0
2093 4 1 1 2 0 0 0 0 0
2094 2 0 0 0 0 0 0 0 0
2103 6 1 1 0 0 0 1 0 0
2106 1 0 0 0 0 0 0 0 0
2107 3 0 0 1 0 0 0 0 0
2108 3 0 0 1 0 0 0 0 0
2110 3 0 0 0 0 0 0 0 0
2154 8 0 0 7 0 0 0 0 0
fn=open_verify.constprop.6
1871 55 2 2 0 0 0 35 1 1
1909 15 0 0 5 0 0 0 0 0
1930 25 0 0 5 0 0 10 1 1
1931 10 0 0 0 0 0 0 0 0
1941 1 0 0 0 0 0 1 0 0
1942 2 0 0 0 0 0 1 0 0
1947 6 1 1 1 0 0 1 0 0
1949 2 0 0 0 0 0 0 0 0
1951 3 0 0 1 0 0 1 0 0
1953 2 0 0 0 0 0 0 0 0
1959 2 0 0 0 0 0 0 0 0
1975 11 1 1 0 0 0 1 0 0
1977 1 0 0 1 0 0 0 0 0
1979 4 0 0 0 0 0 1 0 0
2050 2 1 1 1 0 0 0 0 0
2055 2 0 0 1 0 0 0 0 0
2058 4 0 0 1 0 0 0 0 0
2063 2 0 0 1 0 0 0 0 0
2070 7 1 1 1 0 0 0 0 0
2071 4 0 0 1 0 0 0 0 0
2072 1 0 0 0 0 0 0 0 0
2087 45 0 0 0 0 0 0 0 0
2089 17 1 1 8 0 0 0 0 0
2093 4 1 1 2 0 0 0 0 0
2094 2 0 0 0 0 0 0 0 0
2103 12 1 1 0 0 0 2 0 0
2106 1 0 0 0 0 0 0 0 0
2107 3 0 0 1 0 0 0 0 0
2108 3 0 0 1 0 0 0 0 0
2110 3 0 0 0 0 0 0 0 0
2115 1 0 0 0 0 0 0 0 0
2116 1 0 0 0 0 0 0 0 0
2119 2 0 0 0 0 0 0 0 0
2122 3 0 0 1 0 0 0 0 0
2123 5 0 0 1 0 0 0 0 0
2124 2 0 0 1 0 0 0 0 0
2125 3 0 0 1 0 0 0 0 0
2126 6 0 0 2 0 0 0 0 0
2131 4 1 1 0 0 0 0 0 0
2154 40 1 1 35 0 0 0 0 0
fl=/build/buildd/eglibc-2.19/elf/dl-lookup.c
fn=_dl_lookup_symbol_x
475 208 0 0 0 0 0 0 0 0
476 5916 2 2 1427 100 96 104 0 0
477 5292 0 0 0 0 0 0 0 0
714 1456 1 1 0 0 0 832 7 4
716 208 0 0 0 0 0 104 0 0
717 208 0 0 0 0 0 208 3 2
720 104 0 0 104 5 3 0 0 0
724 400 1 1 96 0 0 0 0 0
728 208 0 0 0 0 0 104 0 0
729 208 0 0 104 0 0 0 0 0
731 208 0 0 208 8 4 0 0 0
735 856 1 1 6 0 0 208 0 0
737 1352 1 1 624 0 0 728 7 4
740 208 0 0 0 0 0 0 0 0
743 6 0 0 0 0 0 0 0 0
766 208 1 1 104 0 0 0 0 0
768 42 1 1 12 0 0 0 0 0
784 6 0 0 0 0 0 6 0 0
785 12 1 1 0 0 0 0 0 0
788 98 0 0 98 0 0 0 0 0
789 686 0 0 196 0 0 0 0 0
815 98 0 0 0 0 0 0 0 0
824 490 0 0 98 0 0 0 0 0
838 294 1 1 98 8 5 0 0 0
839 2 1 1 0 0 0 1 0 0
841 392 0 0 196 0 0 0 0 0
846 98 0 0 0 0 0 98 0 0
848 832 0 0 728 0 0 0 0 0
fn=_dl_setup_hash
859 12 1 1 4 0 0 0 0 0
863 4 0 0 4 0 0 0 0 0
867 8 0 0 4 4 4 4 1 1
868 4 0 0 4 0 0 0 0 0
869 4 0 0 4 1 1 0 0 0
871 12 1 1 0 0 0 0 0 0
872 4 0 0 0 0 0 4 0 0
873 12 0 0 4 0 0 4 0 0
875 4 0 0 0 0 0 4 0 0
876 8 0 0 0 0 0 0 0 0
878 4 0 0 0 0 0 4 0 0
879 4 0 0 0 0 0 0 0 0
880 16 1 1 0 0 0 4 0 0
881 4 0 0 4 0 0 0 0 0
fn=check_match.9458
131 686 1 1 0 0 0 392 0 0
132 196 2 2 98 22 16 0 0 0
134 392 0 0 196 13 11 0 0 0
136 294 0 0 98 0 0 0 0 0
146 294 0 0 98 0 0 98 4 2
149 358 0 0 179 0 0 27 2 2
153 196 0 0 196 0 0 0 0 0
154 294 1 1 98 0 0 0 0 0
156 192 0 0 0 0 0 0 0 0
175 192 0 0 192 15 11 0 0 0
176 768 1 1 288 9 5 0 0 0
177 480 1 1 192 1 1 96 1 0
204 4 2 2 0 0 0 0 0 0
206 12 0 0 4 2 2 0 0 0
207 8 0 0 2 0 0 0 0 0
222 686 0 0 490 0 0 0 0 0
fn=do_lookup_x
77 832 1 1 312 0 0 520 2 0
82 1248 2 2 208 0 0 728 8 4
83 104 0 0 104 1 0 0 0 0
89 104 0 0 104 0 0 0 0 0
95 327 0 0 0 0 0 327 0 0
96 327 0 0 0 0 0 327 0 0
98 981 1 1 654 24 13 327 0 0
101 654 0 0 0 0 0 0 0 0
105 654 0 0 327 0 0 0 0 0
109 654 0 0 327 16 10 0 0 0
113 654 0 0 327 4 3 0 0 0
119 981 1 1 327 12 7 0 0 0
123 654 0 0 654 28 14 0 0 0
124 981 0 0 654 1 0 327 0 0
225 327 0 0 327 0 0 0 0 0
226 654 0 0 0 0 0 0 0 0
228 327 0 0 327 53 45 0 0 0
229 208 0 0 0 0 0 0 0 0
230 654 0 0 327 0 0 0 0 0
232 416 0 0 0 0 0 0 0 0
233 1308 1 1 327 0 0 0 0 0
236 1308 0 0 0 0 0 0 0 0
237 981 0 0 0 0 0 0 0 0
239 206 0 0 206 58 54 0 0 0
240 412 1 1 0 0 0 0 0 0
241 206 0 0 0 0 0 0 0 0
243 309 0 0 103 0 0 0 0 0
246 1010 1 1 202 72 68 0 0 0
248 784 1 1 196 0 0 196 0 0
249 784 0 0 0 0 0 490 1 0
250 490 0 0 294 0 0 0 0 0
253 312 0 0 0 0 0 0 0 0
257 229 0 0 0 0 0 229 0 0
281 458 0 0 229 0 0 0 0 0
286 736 0 0 98 0 0 0 0 0
290 232 1 1 12 1 0 98 0 0
303 196 0 0 98 0 0 98 0 0
304 196 0 0 98 0 0 98 0 0
305 98 1 1 0 0 0 0 0 0
461 1290 1 1 430 2 1 0 0 0
462 484 0 0 176 0 0 176 3 2
465 687 1 1 0 0 0 0 0 0
468 12 0 0 0 0 0 0 0 0
469 832 0 0 728 0 0 0 0 0
fl=/build/buildd/eglibc-2.19/elf/dl-minimal.c
fn=__libc_memalign
51 88 1 1 0 0 0 44 1 1
52 108 0 0 43 0 0 0 0 0
57 3 0 0 0 0 0 1 0 0
58 3 1 1 1 0 0 0 0 0
59 1 0 0 0 0 0 0 0 0
63 66 1 1 0 0 0 22 0 0
64 22 0 0 0 0 0 0 0 0
66 142 0 0 0 0 0 0 0 0
70 12 0 0 3 0 0 0 0 0
71 9 1 1 0 0 0 0 0 0
77 21 0 0 0 0 0 3 0 0
79 15 0 0 6 0 0 0 0 0
83 9 0 0 0 0 0 3 0 0
86 22 0 0 0 0 0 22 0 0
87 22 0 0 0 0 0 22 0 0
89 167 0 0 66 0 0 0 0 0
fn=calloc
102 8 1 1 0 0 0 0 0 0
106 8 0 0 0 0 0 0 0 0
109 40 0 0 0 0 0 0 0 0
113 8 0 0 0 0 0 0 0 0
fn=free
119 2 0 0 0 0 0 1 0 0
121 2 1 1 1 0 0 0 0 0
128 2 0 0 2 0 0 0 0 0
fn=malloc
93 21 1 1 0 0 0 0 0 0
94 42 0 0 0 0 0 0 0 0
fn=strsep
338 8 1 1 4 0 0 0 0 0
340 4 0 0 4 0 0 0 0 0
341 8 0 0 0 0 0 0 0 0
345 317 1 1 63 0 0 0 0 0
350 244 0 0 122 0 0 0 0 0
352 366 0 0 122 0 0 0 0 0
360 61 0 0 0 0 0 0 0 0
363 2 0 0 0 0 0 2 0 0
367 4 0 0 4 0 0 0 0 0
fl=/build/buildd/eglibc-2.19/elf/dl-misc.c
fn=_dl_name_match_p
288 290 1 1 0 0 0 116 2 2
289 232 0 0 58 0 0 58 0 0
290 61 0 0 0 0 0 0 0 0
292 58 0 0 58 0 0 0 0 0
294 234 0 0 0 0 0 0 0 0
295 310 1 1 62 7 4 62 0 0
298 59 0 0 59 0 0 0 0 0
300 55 0 0 0 0 0 0 0 0
301 290 0 0 174 0 0 0 0 0
fn=_dl_sysdep_read_whole_file
45 7 2 2 0 0 0 4 0 0
46 1 0 0 0 0 0 0 0 0
52 4 0 0 0 0 0 1 0 0
53 2 0 0 0 0 0 0 0 0
55 6 0 0 0 0 0 1 0 0
57 2 0 0 1 0 0 1 1 1
60 2 0 0 0 0 0 0 0 0
62 8 1 1 0 0 0 1 0 0
73 2 0 0 0 0 0 1 0 0
76 7 0 0 5 0 0 0 0 0
fl=/build/buildd/eglibc-2.19/elf/dl-object.c
fn=_dl_add_to_namespace_list
32 15 1 1 0 0 0 6 0 0
34 6 0 0 3 0 0 3 0 0
36 22 1 1 3 0 0 0 0 0
39 15 0 0 5 0 0 0 0 0
40 3 0 0 0 0 0 0 0 0
41 2 0 0 0 0 0 2 0 0
43 2 0 0 0 0 0 2 0 0
46 2 0 0 0 0 0 1 0 0
47 9 0 0 3 0 0 0 0 0
48 6 0 0 3 0 0 3 0 0
49 6 0 0 0 0 0 3 0 0
51 9 0 0 3 0 0 0 0 0
52 9 0 0 6 0 0 0 0 0
fn=_dl_new_object
61 42 2 2 0 0 0 30 1 1
62 15 0 0 0 0 0 3 1 1
68 36 1 1 6 0 0 0 0 0
75 15 0 0 0 0 0 6 0 0
78 6 0 0 0 0 0 0 0 0
81 3 0 0 0 0 0 3 2 2
82 6 0 0 0 0 0 3 3 3
86 6 0 0 0 0 0 3 2 2
87 15 1 1 6 0 0 6 1 1
89 3 0 0 0 0 0 3 0 0
97 15 0 0 6 0 0 3 0 0
98 18 1 1 6 3 3 3 0 0
101 6 0 0 3 0 0 0 0 0
102 7 1 1 0 0 0 3 3 3
103 3 0 0 0 0 0 3 0 0
107 3 0 0 0 0 0 3 0 0
110 43 1 1 0 0 0 0 0 0
112 32 0 0 0 0 0 16 5 5
122 6 0 0 0 0 0 3 0 0
123 3 0 0 0 0 0 3 3 3
126 3 0 0 0 0 0 0 0 0
128 18 1 1 3 0 0 0 0 0
130 6 0 0 0 0 0 2 1 1
133 7 0 0 0 0 0 0 0 0
137 6 0 0 2 0 0 0 0 0
141 15 0 0 2 0 0 0 0 0
143 1 1 1 0 0 0 0 0 0
149 1 0 0 0 0 0 1 1 1
152 6 0 0 0 0 0 3 1 1
155 15 0 0 6 0 0 0 0 0
157 10 0 0 2 0 0 4 0 0
161 10 1 1 0 0 0 0 0 0
165 6 2 2 0 0 0 2 0 0
166 8 0 0 0 0 0 0 0 0
211 8 0 0 4 0 0 2 0 0
216 82 0 0 0 0 0 0 0 0
217 88 0 0 42 0 0 0 0 0
222 4 0 0 0 0 0 2 0 0
225 4 1 1 0 0 0 2 0 0
229 24 1 1 21 0 0 0 0 0
fl=/build/buildd/eglibc-2.19/elf/dl-open.c
fn=_dl_find_dso_for_object
182 5 1 1 1 0 0 0 0 0
183 10 2 2 3 0 0 0 0 0
184 12 0 0 6 0 0 0 0 0
185 2 0 0 1 0 0 0 0 0
188 2 1 1 1 0 0 0 0 0
192 1 0 0 1 0 0 0 0 0
fl=/build/buildd/eglibc-2.19/elf/dl-reloc.c
fn=_dl_relocate_object
154 48 1 1 0 0 0 32 0 0
161 4 0 0 0 0 0 4 0 0
164 8 0 0 0 0 0 0 0 0
165 20 1 1 0 0 0 12 0 0
169 8 0 0 0 0 0 0 0 0
170 16 1 1 8 1 0 0 0 0
176 8 0 0 4 0 0 0 0 0
182 12 0 0 4 0 0 0 0 0
183 8 1 1 4 3 0 0 0 0
186 8 1 1 4 0 0 0 0 0
193 8 0 0 4 1 0 0 0 0
238 12 0 0 8 0 0 4 0 0
264 234 3 3 83 11 1 53 0 0
267 12 1 1 4 0 0 0 0 0
295 4 0 0 4 0 0 0 0 0
298 8 0 0 4 0 0 0 0 0
315 12 0 0 4 3 0 0 0 0
317 32 0 0 28 1 0 0 0 0
323 16 1 1 8 0 0 0 0 0
324 8 0 0 4 0 0 0 0 0
325 8 0 0 0 0 0 0 0 0
328 8 0 0 0 0 0 0 0 0
329 20 1 1 0 0 0 4 0 0
fl=/build/buildd/eglibc-2.19/elf/dl-tls.c
fn=__tls_get_addr
770 1 1 1 1 0 0 0 0 0
772 3 0 0 2 2 2 0 0 0
775 3 0 0 2 1 1 0 0 0
777 2 0 0 0 0 0 0 0 0
780 1 0 0 1 0 0 0 0 0
781 1 0 0 1 0 0 0 0 0
fn=_dl_add_to_slotinfo
831 4 1 1 0 0 0 3 0 0
837 2 1 1 1 0 0 0 0 0
840 1 0 0 1 1 0 0 0 0
845 5 0 0 1 1 0 0 0 0
886 1 0 0 0 0 0 1 0 0
887 3 1 1 1 1 0 1 0 0
888 4 0 0 4 0 0 0 0 0
fn=_dl_allocate_tls_init
376 8 1 1 0 0 0 7 0 0
377 2 0 0 0 0 0 0 0 0
381 3 0 0 2 1 0 1 0 0
383 1 0 0 0 0 0 0 0 0
384 1 0 0 0 0 0 0 0 0
389 3 0 0 1 0 0 1 0 0
394 12 1 1 2 0 0 0 0 0
400 9 0 0 0 0 0 0 0 0
403 1 1 1 1 0 0 0 0 0
404 2 0 0 0 0 0 0 0 0
410 3 0 0 1 0 0 0 0 0
412 2 0 0 0 0 0 0 0 0
413 2 0 0 1 0 0 0 0 0
422 2 1 1 1 0 0 0 0 0
423 4 0 0 2 0 0 0 0 0
425 2 0 0 0 0 0 0 0 0
426 2 1 1 1 0 0 0 0 0
434 4 0 0 1 0 0 1 1 0
435 1 0 0 0 0 0 1 0 0
436 11 0 0 4 0 0 2 0 0
450 2 1 1 1 0 0 1 0 0
452 1 0 0 1 0 0 0 0 0
453 8 1 1 7 0 0 0 0 0
fn=_dl_allocate_tls_storage
295 2 0 0 1 0 0 0 0 0
296 3 1 1 0 0 0 1 0 0
297 2 0 0 0 0 0 0 0 0
300 1 0 0 0 0 0 1 1 1
306 2 0 0 0 0 0 1 0 0
328 3 1 1 0 0 0 3 0 0
330 1 0 0 1 0 0 0 0 0
341 4 0 0 1 0 0 1 0 0
342 2 0 0 0 0 0 0 0 0
349 1 0 0 0 0 0 0 0 0
353 306 1 1 0 0 0 288 36 36
370 5 0 0 4 0 0 0 0 0
fn=_dl_determine_tlsoffset
112 7 1 1 0 0 0 6 0 0
113 2 1 1 0 0 0 0 0 0
114 1 0 0 0 0 0 0 0 0
115 1 0 0 0 0 0 0 0 0
118 3 1 1 1 0 0 0 0 0
121 2 0 0 1 0 0 0 0 0
123 1 0 0 0 0 0 0 0 0
155 1 0 0 0 0 0 0 0 0
157 10 0 0 2 0 0 0 0 0
159 3 0 0 1 0 0 0 0 0
161 3 0 0 1 0 0 0 0 0
162 2 1 1 1 0 0 0 0 0
164 2 0 0 0 0 0 0 0 0
166 5 0 0 1 0 0 0 0 0
168 2 1 1 0 0 0 0 0 0
182 9 1 1 0 0 0 0 0 0
184 3 0 0 0 0 0 0 0 0
185 1 0 0 0 0 0 0 0 0
194 1 0 0 0 0 0 1 0 0
197 4 0 0 0 0 0 1 0 0
198 1 0 0 0 0 0 1 0 0
249 1 0 0 0 0 0 1 0 0
250 8 0 0 7 0 0 0 0 0
fn=_dl_next_tls_modid
50 1 1 1 0 0 0 0 0 0
53 3 0 0 2 0 0 0 0 0
101 2 0 0 0 0 0 1 0 0
105 2 0 0 1 0 0 0 0 0
fl=/build/buildd/eglibc-2.19/elf/dl-version.c
fn=_dl_check_all_versions
380 6 1 1 0 0 0 4 0 0
382 2 0 0 0 0 0 0 0 0
384 16 1 1 4 0 0 0 0 0
385 4 1 1 0 0 0 0 0 0
386 40 0 0 4 0 0 4 0 0
389 7 0 0 5 0 0 0 0 0
fn=_dl_check_map_versions
56 24 0 0 4 0 0 0 0 0
57 5 0 0 5 0 0 0 0 0
58 37 1 1 0 0 0 7 0 0
174 44 1 1 0 0 0 32 0 0
175 2 0 0 0 0 0 0 0 0
183 2 1 1 0 0 0 0 0 0
189 12 0 0 4 0 0 0 0 0
191 8 0 0 4 0 0 4 0 0
193 8 0 0 4 0 0 4 0 0
194 8 1 1 4 0 0 4 0 0
196 8 0 0 0 0 0 0 0 0
199 8 0 0 6 0 0 2 0 0
203 12 0 0 4 2 2 0 0 0
220 6 1 1 6 0 0 0 0 0
228 6 0 0 2 0 0 0 0 0
233 14 0 0 4 1 1 0 0 0
237 70 2 2 40 1 1 8 0 0
244 16 0 0 4 0 0 0 0 0
247 14 0 0 4 0 0 0 0 0
252 2 0 0 0 0 0 0 0 0
256 8 0 0 4 0 0 0 0 0
270 12 1 1 4 0 0 0 0 0
273 6 0 0 4 0 0 0 0 0
276 112 0 0 28 6 6 0 0 0
279 84 0 0 28 2 2 0 0 0
283 26 0 0 0 0 0 0 0 0
287 8 0 0 0 0 0 0 0 0
292 3 0 0 0 0 0 3 0 0
293 12 0 0 0 0 0 3 0 0
294 6 0 0 0 0 0 0 0 0
302 3 1 1 0 0 0 3 0 0
305 9 0 0 6 0 0 3 0 0
307 9 0 0 3 0 0 0 0 0
310 8 0 0 6 0 0 0 0 0
314 6 0 0 2 0 0 0 0 0
317 12 0 0 4 0 0 0 0 0
319 12 1 1 0 0 0 0 0 0
321 20 0 0 4 0 0 4 0 0
322 12 0 0 0 0 0 4 2 2
323 12 0 0 4 0 0 4 0 0
324 12 0 0 4 0 0 4 0 0
327 12 0 0 4 0 0 0 0 0
332 2 0 0 0 0 0 0 0 0
335 6 1 1 2 0 0 0 0 0
345 9 0 0 3 0 0 0 0 0
348 8 0 0 6 0 0 0 0 0
352 28 0 0 28 0 0 0 0 0
354 56 0 0 28 0 0 0 0 0
358 26 0 0 26 0 0 0 0 0
359 130 0 0 26 0 0 26 8 8
360 78 0 0 26 0 0 26 0 0
361 26 0 0 0 0 0 26 3 3
364 84 0 0 28 0 0 0 0 0
368 26 0 0 0 0 0 0 0 0
373 7 1 1 0 0 0 0 0 0
374 32 1 1 28 0 0 0 0 0
fn=match_symbol
76 52 1 1 0 0 0 32 0 0
77 8 0 0 8 0 0 0 0 0
85 8 1 1 4 0 0 0 0 0
91 12 0 0 4 0 0 0 0 0
106 4 0 0 4 0 0 0 0 0
107 8 0 0 0 0 0 0 0 0
109 4 0 0 4 0 0 0 0 0
114 34 0 0 17 3 3 0 0 0
128 34 1 1 17 2 2 0 0 0
130 4 1 1 4 0 0 0 0 0
133 24 0 0 4 0 0 4 0 0
140 39 0 0 13 2 2 0 0 0
144 13 0 0 0 0 0 0 0 0
168 32 0 0 28 0 0 0 0 0
fl=/build/buildd/eglibc-2.19/elf/do-rel.h
fn=_dl_relocate_object
47 16 0 0 8 0 0 0 0 0
48 8 0 0 8 0 0 0 0 0
50 3 0 0 0 0 0 0 0 0
51 3 0 0 0 0 0 3 1 0
58 24 0 0 8 0 0 0 0 0
61 108 1 1 0 0 0 0 0 0
63 96 1 1 32 13 13 0 0 0
65 17 0 0 0 0 0 0 0 0
74 6 0 0 0 0 0 0 0 0
75 29 1 1 9 0 0 0 0 0
76 10 0 0 5 0 0 0 0 0
83 10 0 0 5 0 0 5 0 0
84 5 1 1 5 0 0 0 0 0
86 10 0 0 0 0 0 0 0 0
98 15 1 1 0 0 0 0 0 0
108 9 1 1 1 1 1 0 0 0
111 3590 0 0 0 0 0 0 0 0
112 2388 0 0 1194 0 0 0 0 0
118 15 0 0 5 4 0 0 0 0
121 8 0 0 4 3 0 4 1 0
124 305 0 0 98 0 0 0 0 0
127 380 0 0 95 26 22 0 0 0
136 285 0 0 190 40 37 0 0 0
137 542 0 0 95 0 0 95 1 0
138 176 0 0 95 1 0 0 0 0
139 190 1 1 95 0 0 0 0 0
143 6 0 0 0 0 0 0 0 0
160 23 2 2 5 0 0 4 0 0
162 20 1 1 5 2 2 0 0 0
170 25 0 0 5 0 0 5 0 0
171 10 0 0 10 0 0 0 0 0
174 5 0 0 2 0 0 0 0 0
fn=_dl_start
83 1 0 0 1 0 0 0 0 0
84 1 0 0 1 0 0 0 0 0
111 33 0 0 0 0 0 0 0 0
112 20 0 0 10 3 3 0 0 0
116 2 1 1 1 0 0 0 0 0
124 31 0 0 0 0 0 0 0 0
137 45 1 1 9 2 2 0 0 0
139 18 0 0 9 0 0 0 0 0
fl=/build/buildd/eglibc-2.19/elf/get-dynamic-info.h
fn=_dl_map_object_from_fd
38 4 0 0 0 0 0 0 0 0
42 2 0 0 0 0 0 0 0 0
44 141 0 0 47 13 13 0 0 0
46 90 0 0 0 0 0 0 0 0
51 42 1 1 0 0 0 0 0 0
52 71 0 0 0 0 0 43 11 11
53 8 0 0 0 0 0 0 0 0
55 2 0 0 0 0 0 0 0 0
56 10 1 1 0 0 0 0 0 0
58 2 0 0 0 0 0 0 0 0
59 10 1 1 0 0 0 0 0 0
60 2 0 0 0 0 0 0 0 0
61 8 0 0 0 0 0 2 0 0
62 45 0 0 0 0 0 0 0 0
69 4 0 0 0 0 0 0 0 0
89 7 0 0 3 0 0 0 0 0
90 8 1 1 4 0 0 0 0 0
91 8 0 0 4 0 0 0 0 0
92 8 0 0 4 0 0 0 0 0
94 8 0 0 4 0 0 0 0 0
99 8 1 1 4 0 0 0 0 0
100 7 0 0 3 1 1 0 0 0
101 8 0 0 4 0 0 0 0 0
107 6 0 0 2 0 0 0 0 0
112 4 1 1 2 0 0 0 0 0
119 4 0 0 2 0 0 0 0 0
120 6 0 0 4 0 0 0 0 0
136 6 0 0 2 0 0 0 0 0
141 2 0 0 1 0 0 1 0 0
143 2 0 0 0 0 0 0 0 0
145 2 0 0 0 0 0 0 0 0
147 2 0 0 0 0 0 0 0 0
150 6 1 1 2 0 0 0 0 0
152 2 0 0 1 0 0 1 0 0
160 2 0 0 1 0 0 0 0 0
161 2 1 1 0 0 0 0 0 0
165 2 0 0 0 0 0 0 0 0
168 4 0 0 2 0 0 0 0 0
fn=_dl_start
44 57 1 1 19 6 6 0 0 0
46 36 0 0 0 0 0 0 0 0
47 26 0 0 0 0 0 13 3 3
51 21 0 0 0 0 0 0 0 0
52 18 2 2 0 0 0 4 2 2
53 4 1 1 0 0 0 0 0 0
55 1 0 0 0 0 0 0 0 0
56 5 1 1 0 0 0 0 0 0
58 2 0 0 0 0 0 0 0 0
59 5 1 1 0 0 0 0 0 0
60 1 0 0 0 0 0 0 0 0
61 5 0 0 0 0 0 1 1 1
62 18 0 0 0 0 0 0 0 0
69 2 0 0 0 0 0 0 0 0
89 4 0 0 2 0 0 0 0 0
90 4 0 0 2 0 0 0 0 0
91 4 1 1 2 0 0 0 0 0
92 4 0 0 2 0 0 0 0 0
94 4 0 0 2 0 0 0 0 0
99 4 0 0 2 0 0 0 0 0
100 4 1 1 2 0 0 0 0 0
101 4 0 0 2 0 0 0 0 0
107 3 0 0 1 0 0 0 0 0
112 2 0 0 1 0 0 0 0 0
119 3 0 0 1 0 0 0 0 0
120 3 1 1 2 0 0 0 0 0
128 3 0 0 1 0 0 0 0 0
130 3 0 0 1 1 1 0 0 0
133 2 1 1 1 0 0 0 0 0
134 2 0 0 1 0 0 0 0 0
fn=dl_main
29 1 0 0 1 0 0 0 0 0
38 2 0 0 0 0 0 0 0 0
42 1 0 0 0 0 0 0 0 0
44 72 0 0 24 7 7 0 0 0
46 46 1 1 0 0 0 0 0 0
51 17 1 1 0 0 0 0 0 0
52 33 0 0 0 0 0 22 5 5
53 4 0 0 0 0 0 0 0 0
55 1 0 0 0 0 0 0 0 0
56 5 1 1 0 0 0 0 0 0
58 1 0 0 0 0 0 0 0 0
59 5 0 0 0 0 0 0 0 0
60 1 0 0 0 0 0 0 0 0
61 4 1 1 0 0 0 1 0 0
62 23 0 0 0 0 0 0 0 0
69 3 1 1 1 0 0 0 0 0
107 3 2 2 1 0 0 0 0 0
112 2 0 0 1 0 0 0 0 0
119 2 0 0 1 0 0 0 0 0
120 3 0 0 2 0 0 0 0 0
136 3 0 0 1 0 0 0 0 0
150 3 1 1 1 0 0 0 0 0
168 2 1 1 1 0 0 0 0 0
fl=/build/buildd/eglibc-2.19/elf/rtld.c
fn=_dl_initial_error_catch_tsd
798 8 0 0 4 0 0 0 0 0
fn=_dl_start
285 75 4 4 8 1 1 8 2 2
297 2 0 0 0 0 0 1 0 0
298 2 0 0 0 0 0 1 0 0
299 2 0 0 0 0 0 1 0 0
300 2 1 1 0 0 0 1 1 1
301 2 0 0 0 0 0 1 0 0
322 5 0 0 0 0 0 1 0 0
326 1 0 0 0 0 0 1 0 0
332 4 1 0 0 0 0 1 0 0
341 4 1 0 0 0 0 0 0 0
344 2 0 0 1 1 0 1 1 0
348 2 0 0 1 0 0 0 0 0
362 9 2 2 0 0 0 6 1 1
380 5 0 0 0 0 0 1 1 1
406 1 0 0 0 0 0 1 1 1
409 1 0 0 0 0 0 1 1 1
537 2 0 0 0 0 0 0 0 0
542 34 3 3 9 0 0 0 0 0
544 1 0 0 1 1 1 0 0 0
569 9 0 0 7 1 0 0 0 0
fn=dl_main
891 12 1 1 0 0 0 8 1 1
897 1 0 0 0 0 0 0 0 0
899 2 0 0 0 0 0 0 0 0
900 1 0 0 0 0 0 0 0 0
906 1 0 0 0 0 0 1 0 0
910 2 0 0 0 0 0 1 0 0
913 2 0 0 0 0 0 1 1 1
917 2 0 0 0 0 0 1 1 1
918 2 0 0 0 0 0 1 0 0
923 2 1 1 0 0 0 1 0 0
933 4 2 2 2 0 0 0 0 0
1132 8 1 1 0 0 0 1 0 0
1134 2 0 0 0 0 0 0 0 0
1135 1 0 0 0 0 0 1 1 1
1136 2 1 1 1 0 0 1 0 0
1137 3 0 0 2 0 0 1 0 0
1141 3 0 0 0 0 0 1 0 0
1142 2 0 0 1 0 0 0 0 0
1163 1 0 0 0 0 0 1 0 0
1164 1 0 0 0 0 0 1 0 0
1166 1 0 0 0 0 0 1 0 0
1168 1 1 1 1 0 0 0 0 0
1171 36 1 1 3 0 0 0 0 0
1172 71 1 1 9 5 5 0 0 0
1176 3 1 1 1 0 0 1 0 0
1177 1 0 0 0 0 0 0 0 0
1181 3 1 1 2 0 0 1 0 0
1182 1 0 0 0 0 0 0 0 0
1190 1 0 0 0 0 0 1 1 1
1191 2 1 1 2 1 1 0 0 0
1193 2 1 1 0 0 0 1 0 0
1200 3 0 0 1 0 0 0 0 0
1218 1 0 0 0 0 0 0 0 0
1226 4 0 0 2 0 0 0 0 0
1227 10 2 2 3 1 1 0 0 0
1228 4 0 0 2 0 0 0 0 0
1229 1 0 0 0 0 0 1 0 0
1232 4 0 0 2 1 1 0 0 0
1233 4 0 0 2 0 0 0 0 0
1234 2 0 0 0 0 0 2 0 0
1235 6 0 0 3 0 0 0 0 0
1236 2 0 0 0 0 0 1 0 0
1263 2 1 1 1 0 0 1 1 1
1264 1 0 0 0 0 0 0 0 0
1267 2 0 0 1 0 0 1 0 0
1268 2 0 0 1 0 0 1 0 0
1269 1 0 0 0 0 0 0 0 0
1274 3 0 0 1 1 1 0 0 0
1277 2 0 0 0 0 0 0 0 0
1279 2 0 0 0 0 0 0 0 0
1281 2 1 1 1 0 0 0 0 0
1294 3 0 0 1 0 0 0 0 0
1295 11 1 1 6 0 0 2 0 0
1300 1 0 0 0 0 0 1 0 0
1302 1 0 0 0 0 0 1 1 1
1303 1 0 0 0 0 0 1 0 0
1305 2 0 0 1 0 0 0 0 0
1306 2 1 1 0 0 0 1 0 0
1310 2 0 0 1 0 0 0 0 0
1312 2 0 0 0 0 0 0 0 0
1317 2 0 0 0 0 0 1 0 0
1320 4 1 1 0 0 0 1 0 0
1336 3 2 2 0 0 0 1 0 0
1342 9 1 1 1 0 0 2 0 0
1347 2 1 1 1 0 0 1 0 0
1350 4 1 1 1 0 0 2 0 0
1352 1 0 0 0 0 0 1 0 0
1357 2 0 0 1 0 0 0 0 0
1360 3 0 0 2 0 0 1 0 0
1361 4 1 1 1 0 0 1 0 0
1362 2 0 0 0 0 0 1 0 0
1363 1 0 0 0 0 0 1 0 0
1364 1 0 0 1 0 0 0 0 0
1365 1 0 0 1 0 0 0 0 0
1370 2 0 0 1 0 0 0 0 0
1371 5 0 0 1 0 0 1 0 0
1375 1 1 1 1 0 0 0 0 0
1377 4 0 0 1 0 0 0 0 0
1378 2 0 0 0 0 0 1 0 0
1379 4 0 0 1 1 1 1 0 0
1384 2 0 0 0 0 0 0 0 0
1385 6 1 1 1 1 1 0 0 0
1387 2 0 0 1 0 0 1 1 1
1388 2 0 0 1 0 0 1 0 0
1393 2 0 0 1 1 1 0 0 0
1398 3 1 1 1 0 0 0 0 0
1579 3 0 0 1 0 0 0 0 0
1582 2 0 0 1 0 0 1 0 0
1586 3 0 0 1 0 0 0 0 0
1591 2 1 1 1 0 0 1 0 0
1592 1 0 0 0 0 0 1 0 0
1597 3 0 0 1 0 0 0 0 0
1612 3 0 0 2 0 0 0 0 0
1614 1 0 0 0 0 0 0 0 0
1616 3 1 1 1 0 0 0 0 0
1623 11 2 2 0 0 0 3 0 0
1626 6 0 0 0 0 0 0 0 0
1629 12 1 1 0 0 0 2 0 0
1630 2 0 0 1 0 0 0 0 0
1631 3 0 0 1 0 0 0 0 0
1633 6 0 0 0 0 0 1 0 0
1635 4 0 0 0 0 0 0 0 0
1636 2 0 0 1 0 0 0 0 0
1637 3 0 0 0 0 0 1 0 0
1647 5 0 0 0 0 0 1 0 0
1724 4 0 0 2 0 0 0 0 0
1728 8 2 2 0 0 0 0 0 0
1729 1 0 0 0 0 0 0 0 0
1732 2 0 0 0 0 0 1 0 0
1733 1 0 0 1 0 0 0 0 0
1734 2 0 0 0 0 0 0 0 0
1735 2 0 0 0 0 0 0 0 0
1741 5 1 1 0 0 0 0 0 0
1742 8 0 0 0 0 0 1 0 0
1743 4 0 0 0 0 0 0 0 0
1745 2 0 0 1 0 0 0 0 0
1748 13 1 1 2 0 0 0 0 0
1749 16 0 0 8 0 0 0 0 0
1752 3 0 0 2 0 0 1 0 0
1753 3 0 0 1 0 0 0 0 0
1754 1 0 0 0 0 0 1 0 0
1756 12 1 1 0 0 0 0 0 0
1757 9 0 0 4 0 0 0 0 0
1767 2 1 1 0 0 0 1 0 0
1769 2 1 1 1 0 0 1 0 0
1770 2 1 1 1 0 0 0 0 0
1772 3 0 0 0 0 0 1 0 0
1774 3 0 0 0 0 0 0 0 0
1776 3 0 0 1 0 0 0 0 0
1777 1 0 0 1 0 0 0 0 0
1788 3 1 1 0 0 0 0 0 0
1790 2 1 1 0 0 0 0 0 0
1791 2 0 0 0 0 0 1 0 0
1792 3 0 0 1 0 0 0 0 0
1803 4 0 0 0 0 0 1 0 0
1804 1 0 0 0 0 0 1 0 0
1805 5 1 1 0 0 0 1 0 0
1815 2 0 0 1 0 0 1 0 0
1816 2 0 0 1 0 0 0 0 0
1817 2 1 1 0 0 0 2 0 0
1819 2 0 0 1 0 0 0 0 0
1822 1 0 0 0 0 0 1 0 0
1824 2 0 0 1 0 0 0 0 0
2054 3 0 0 1 0 0 0 0 0
2110 2 2 2 0 0 0 1 0 0
2114 4 0 0 2 0 0 2 0 0
2118 2 0 0 1 0 0 1 0 0
2121 2 0 0 0 0 0 0 0 0
2129 2 0 0 0 0 0 0 0 0
2140 1 1 1 1 0 0 0 0 0
2175 3 1 1 1 0 0 0 0 0
2182 1 0 0 1 0 0 0 0 0
2184 11 1 1 1 0 0 1 0 0
2186 13 1 1 1 1 0 0 0 0
2188 12 0 0 8 1 0 0 0 0
2193 8 0 0 8 0 0 0 0 0
2195 10 1 1 0 0 0 0 0 0
2197 1 1 1 0 0 0 1 0 0
2198 1 0 0 1 0 0 0 0 0
2201 4 0 0 4 0 0 0 0 0
2203 12 0 0 0 0 0 0 0 0
2204 24 0 0 6 2 0 3 0 0
2208 14 0 0 5 1 0 0 0 0
2209 3 0 0 0 0 0 1 0 0
2211 4 0 0 0 0 0 0 0 0
2213 2 0 0 0 0 0 1 0 0
2219 2 0 0 1 0 0 0 0 0
2224 4 1 1 2 0 0 0 0 0
2225 1 0 0 1 0 0 0 0 0
2230 2 1 1 1 0 0 1 0 0
2234 2 0 0 1 0 0 0 0 0
2248 3 0 0 2 1 0 0 0 0
2250 4 2 2 1 0 0 0 0 0
2265 5 1 1 0 0 0 0 0 0
2267 1 0 0 1 0 0 0 0 0
2268 5 0 0 1 0 0 1 0 0
2269 4 0 0 0 0 0 0 0 0
2271 3 0 0 1 0 0 0 0 0
2279 1 0 0 0 0 0 1 0 0
2283 3 0 0 1 0 0 0 0 0
2303 3 0 0 0 0 0 1 0 0
2304 1 0 0 0 0 0 1 0 0
2305 1 0 0 0 0 0 1 0 0
2310 1 0 0 0 0 0 1 0 0
2315 8 0 0 7 2 0 0 0 0
2485 2 0 0 1 0 0 1 1 1
2487 1 0 0 0 0 0 0 0 0
2488 1 0 0 0 0 0 0 0 0
2492 13 2 2 1 0 0 4 0 0
2494 15 0 0 3 0 0 3 1 1
2498 105 1 1 21 0 0 0 0 0
2499 19 0 0 0 0 0 0 0 0
2501 4 0 0 0 0 0 0 0 0
2507 16 0 0 2 0 0 0 0 0
2530 6 1 1 0 0 0 1 0 0
2537 6 1 1 0 0 0 1 0 0
2539 3 1 1 0 0 0 1 0 0
2583 6 1 1 0 0 0 1 0 0
2585 3 1 1 0 0 0 1 0 0
2660 3 1 1 1 0 0 0 0 0
2693 3 0 0 1 0 0 0 0 0
fn=do_preload
804 6 0 0 0 0 0 3 0 0
806 1 0 0 0 0 0 1 0 0
810 1 0 0 0 0 0 1 0 0
811 1 1 1 0 0 0 1 0 0
812 1 0 0 0 0 0 1 0 0
814 1 0 0 1 0 0 0 0 0
816 6 0 0 0 0 0 1 0 0
817 3 0 0 1 0 0 0 0 0
825 3 1 1 1 0 0 0 0 0
831 5 0 0 4 0 0 0 0 0
fn=init_tls
717 1 0 0 0 0 0 1 0 0
719 2 0 0 1 0 0 1 0 0
723 2 0 0 1 0 0 0 0 0
724 1 1 1 0 0 0 0 0 0
729 2 0 0 0 0 0 1 0 0
732 1 0 0 0 0 0 1 0 0
733 4 0 0 0 0 0 1 0 0
738 1 0 0 0 0 0 0 0 0
740 1 0 0 0 0 0 1 1 1
744 2 1 1 1 1 1 0 0 0
745 1 0 0 0 0 0 0 0 0
746 11 1 1 1 0 0 0 0 0
747 8 0 0 4 0 0 0 0 0
748 8 0 0 4 0 0 0 0 0
752 3 0 0 0 0 0 1 0 0
754 1 0 0 0 0 0 0 0 0
756 3 0 0 0 0 0 0 0 0
759 1 1 1 0 0 0 1 0 0
766 2 0 0 0 0 0 1 0 0
767 2 0 0 0 0 0 0 0 0
773 2 1 1 1 0 0 1 0 0
781 7 0 0 0 0 0 2 0 0
785 1 1 1 0 0 0 1 0 0
787 1 0 0 0 0 0 0 0 0
788 2 0 0 2 0 0 0 0 0
fn=map_doit
625 2 1 1 0 0 0 1 0 0
627 8 1 1 3 0 0 2 0 0
629 2 0 0 2 0 0 0 0 0
fn=rtld_lock_default_lock_recursive
838 10 1 1 10 2 1 0 0 0
fn=rtld_lock_default_unlock_recursive
844 10 1 1 10 1 0 0 0 0
fn=security_init
851 2 0 0 0 0 0 1 0 0
853 1 0 0 1 0 0 0 0 0
855 1 0 0 0 0 0 1 0 0
861 2 0 0 1 0 0 0 0 0
863 1 0 0 1 0 0 0 0 0
866 1 1 1 0 0 0 1 0 0
868 1 0 0 0 0 0 1 0 0
874 1 0 0 0 0 0 1 0 0
875 3 0 0 2 0 0 0 0 0
fn=version_check_doit
657 2 1 1 0 0 0 1 0 0
659 6 0 0 2 0 0 1 0 0
663 2 0 0 2 0 0 0 0 0
fl=/build/buildd/eglibc-2.19/elf/setup-vdso.h
fn=dl_main
24 2 0 0 1 0 0 0 0 0
fl=/build/buildd/eglibc-2.19/io/../sysdeps/unix/syscall-template.S
fn=__close_nocancel
81 25 1 1 5 0 0 0 0 0
fn=__open_nocancel
81 25 0 0 5 0 0 0 0 0
fn=__write_nocancel
81 30 0 0 6 0 0 0 0 0
fn=access
81 12 1 1 0 0 0 0 0 0
83 15 1 1 3 0 0 3 1 1
fn=close
81 12 1 1 0 0 0 0 0 0
82 3 0 0 3 0 0 0 0 0
fn=open
81 38 2 2 5 0 0 0 0 0
82 3 0 0 3 0 0 0 0 0
83 20 0 0 4 0 0 4 0 0
fn=read
81 8 0 0 0 0 0 0 0 0
82 2 0 0 2 0 0 0 0 0
fn=write
81 12 2 2 6 0 0 0 0 0
fl=/build/buildd/eglibc-2.19/io/../sysdeps/unix/sysv/linux/wordsize-64/fxstat.c
fn=_fxstat
33 14 0 0 0 0 0 0 0 0
34 28 2 2 0 0 0 0 0 0
35 84 0 0 0 0 0 0 0 0
39 14 0 0 14 0 0 0 0 0
fl=/build/buildd/eglibc-2.19/io/../sysdeps/unix/sysv/linux/wordsize-64/xstat.c
fn=_xstat
33 4 0 0 0 0 0 0 0 0
34 8 1 1 0 0 0 0 0 0
35 36 0 0 3 0 0 3 0 0
39 1 0 0 1 0 0 0 0 0
fl=/build/buildd/eglibc-2.19/libio/../sysdeps/unix/sysv/linux/sys/sysmacros.h
fn=_IO_file_doallocate
41 6 0 0 0 0 0 0 0 0
fl=/build/buildd/eglibc-2.19/libio/filedoalloc.c
fn=_IO_file_doallocate
96 30 1 1 0 0 0 18 0 0
111 48 1 1 18 0 0 6 2 0
113 24 0 0 6 1 0 0 0 0
116 2 0 0 0 0 0 0 0 0
118 2 2 2 1 0 0 0 0 0
121 1 0 0 1 0 0 0 0 0
124 36 1 1 6 1 0 0 0 0
128 48 0 0 0 0 0 6 0 0
129 30 0 0 0 0 0 6 0 0
130 6 0 0 0 0 0 0 0 0
131 30 0 0 24 0 0 0 0 0
fl=/build/buildd/eglibc-2.19/libio/fileops.c
fn=_IO_do_write@@GLIBC_2.2.5
509 72 1 1 0 0 0 48 0 0
511 60 0 0 0 0 0 0 0 0
512 72 0 0 60 0 0 0 0 0
523 24 2 2 6 0 0 0 0 0
529 10 0 0 0 0 0 5 0 0
530 4 0 0 2 0 0 0 0 0
538 36 2 2 12 1 1 6 0 0
539 18 0 0 6 0 0 0 0 0
541 24 1 1 6 0 0 18 0 0
542 12 0 0 0 0 0 12 0 0
543 6 0 0 0 0 0 6 0 0
544 17 2 2 6 0 0 0 0 0
545 23 0 0 11 0 0 0 0 0
fn=_IO_file_close
1245 10 1 1 5 0 0 0 0 0
fn=_IO_file_close_it@@GLIBC_2.2.5
158 20 0 0 0 0 0 15 0 0
160 15 1 1 5 0 0 0 0 0
163 10 0 0 0 0 0 0 0 0
164 10 0 0 5 0 0 0 0 0
165 45 2 2 15 0 0 5 0 0
167 5 0 0 0 0 0 0 0 0
169 10 0 0 0 0 0 5 0 0
172 40 0 0 15 0 0 5 0 0
176 15 0 0 5 0 0 0 0 0
185 25 1 1 0 0 0 5 0 0
186 15 0 0 0 0 0 15 0 0
187 15 1 1 0 0 0 15 0 0
189 10 0 0 0 0 0 5 0 0
190 5 0 0 0 0 0 5 0 0
191 5 0 0 0 0 0 5 0 0
192 5 0 0 0 0 0 5 0 0
194 15 0 0 0 0 0 0 0 0
195 20 0 0 20 0 0 0 0 0
fn=_IO_file_finish@@GLIBC_2.2.5
202 10 0 0 0 0 0 5 0 0
203 10 0 0 5 0 0 0 0 0
209 15 1 1 0 0 0 0 0 0
210 5 0 0 5 0 0 0 0 0
fn=_IO_file_fopen@@GLIBC_2.2.5
224 10 1 1 0 0 0 0 0 0
225 10 0 0 0 0 0 0 0 0
228 10 0 0 0 0 0 5 0 0
232 10 0 0 0 0 0 0 0 0
234 5 0 0 0 0 0 5 0 0
235 20 0 0 5 0 0 5 0 0
236 15 0 0 0 0 0 0 0 0
237 40 1 1 10 1 0 5 0 0
243 10 1 1 0 0 0 5 0 0
254 45 1 1 0 0 0 30 0 0
255 5 0 0 0 0 0 0 0 0
265 10 0 0 5 0 0 0 0 0
267 45 1 1 5 1 0 0 0 0
275 10 1 1 5 0 0 0 0 0
279 5 0 0 0 0 0 0 0 0
280 5 0 0 0 0 0 0 0 0
281 5 1 1 0 0 0 0 0 0
282 5 0 0 0 0 0 0 0 0
292 60 1 1 5 0 0 0 0 0
333 5 0 0 0 0 0 0 0 0
353 20 0 0 0 0 0 5 0 0
354 15 0 0 0 0 0 0 0 0
431 40 1 1 35 0 0 0 0 0
fn=_IO_file_init@@GLIBC_2.2.5
143 20 1 1 0 0 0 10 0 0
147 10 0 0 0 0 0 5 0 0
148 5 0 0 5 0 0 0 0 0
150 5 0 0 0 0 0 5 0 0
151 5 0 0 0 0 0 5 0 0
152 20 0 0 15 0 0 0 0 0
fn=_IO_file_overflow@@GLIBC_2.2.5
824 44 1 1 0 0 0 33 1 1
825 33 0 0 11 0 0 0 0 0
832 53 0 0 10 0 0 0 0 0
835 17 1 1 11 0 0 0 0 0
837 2 1 1 0 0 0 1 1 0
838 6 0 0 2 0 0 3 0 0
847 12 1 1 0 0 0 0 0 0
856 24 0 0 12 0 0 0 0 0
858 6 0 0 0 0 0 6 0 0
859 12 0 0 0 0 0 6 0 0
860 6 0 0 0 0 0 6 0 0
861 12 0 0 0 0 0 12 0 0
863 18 1 1 0 0 0 6 0 0
864 30 0 0 6 0 0 0 0 0
865 2 0 0 0 0 0 1 0 0
867 22 0 0 0 0 0 0 0 0
868 14 1 1 0 0 0 0 0 0
869 7 0 0 0 0 0 0 0 0
870 8 0 0 4 0 0 0 0 0
873 12 0 0 0 0 0 8 1 0
874 12 0 0 4 0 0 0 0 0
875 16 0 0 0 0 0 0 0 0
879 4 0 0 0 0 0 0 0 0
880 37 0 0 37 0 0 0 0 0
fn=_IO_file_seek
1214 10 1 1 5 0 0 0 0 0
fn=_IO_file_seekoff@@GLIBC_2.2.5
947 55 1 1 0 0 0 30 0 0
954 45 2 2 20 0 0 0 0 0
957 20 1 1 5 0 0 0 0 0
959 10 0 0 0 0 0 0 0 0
969 15 1 1 5 0 0 0 0 0
972 10 1 1 5 0 0 0 0 0
975 15 0 0 5 0 0 0 0 0
980 10 1 1 0 0 0 5 0 0
981 20 0 0 5 0 0 15 0 0
982 15 0 0 0 0 0 15 0 0
985 20 0 0 0 0 0 0 0 0
1028 50 2 2 15 0 0 5 0 0
1030 5 0 0 5 0 0 0 0 0
1031 10 0 0 0 0 0 0 0 0
1040 15 1 1 0 0 0 0 0 0
1044 15 1 1 5 0 0 0 0 0
1061 10 0 0 0 0 0 0 0 0
1098 15 1 1 0 0 0 5 0 0
1099 25 0 0 10 0 0 5 0 0
1100 10 0 0 0 0 0 0 0 0
1102 5 0 0 5 0 0 0 0 0
1103 5 0 0 0 0 0 5 0 0
1104 20 0 0 5 0 0 15 0 0
1105 20 0 0 0 0 0 15 0 0
1118 45 0 0 35 0 0 0 0 0
fn=_IO_file_setbuf@@GLIBC_2.2.5
461 2 0 0 0 0 0 1 0 0
462 3 0 0 0 0 0 1 0 0
465 2 0 0 0 0 0 2 0 0
466 2 0 0 1 0 0 1 0 0
467 3 0 0 0 0 0 3 0 0
469 1 0 0 0 0 0 0 0 0
470 2 0 0 2 0 0 0 0 0
fn=_IO_file_stat
1222 11 1 1 0 0 0 0 0 0
1223 33 0 0 11 0 0 0 0 0
fn=_IO_file_sync@@GLIBC_2.2.5
886 2 1 1 0 0 0 1 0 0
891 4 0 0 2 0 0 0 0 0
893 1 1 1 1 0 0 0 0 0
894 2 0 0 1 0 0 0 0 0
911 2 0 0 0 0 0 1 0 0
915 2 0 0 2 0 0 0 0 0
fn=_IO_file_write@@GLIBC_2.2.5
1254 42 1 1 0 0 0 24 0 0
1256 42 0 0 0 0 0 0 0 0
1260 18 0 0 6 0 0 0 0 0
1261 18 1 1 6 0 0 6 1 0
1262 12 0 0 0 0 0 0 0 0
1267 6 0 0 0 0 0 0 0 0
1268 6 0 0 0 0 0 0 0 0
1271 18 0 0 6 0 0 0 0 0
1274 54 2 2 30 0 0 0 0 0
fn=_IO_file_xsputn@@GLIBC_2.2.5
1281 224 2 2 0 0 0 168 3 1
1287 56 0 0 0 0 0 0 0 0
1288 28 0 0 0 0 0 0 0 0
1294 138 0 0 23 0 0 0 0 0
1296 6 0 0 4 0 0 0 0 0
1297 4 0 0 0 0 0 0 0 0
1300 16 1 1 0 0 0 0 0 0
1302 16 0 0 5 0 0 0 0 0
1304 4 1 1 0 0 0 0 0 0
1311 96 1 1 42 5 5 0 0 0
1312 30 0 0 0 0 0 0 0 0
1315 65 0 0 0 0 0 0 0 0
1320 85 0 0 0 0 0 34 0 0
1325 17 0 0 0 0 0 0 0 0
1326 51 0 0 0 0 0 0 0 0
1328 69 0 0 0 0 0 0 0 0
1332 42 0 0 14 6 5 7 3 3
1338 14 0 0 14 0 0 0 0 0
1339 42 1 1 0 0 0 0 0 0
1341 21 0 0 0 0 0 0 0 0
1352 14 0 0 0 0 0 0 0 0
1353 36 0 0 0 0 0 6 0 0
1355 46 1 1 0 0 0 0 0 0
1356 224 0 0 196 0 0 0 0 0
fl=/build/buildd/eglibc-2.19/libio/genops.c
fn=_IO_cleanup
950 13 2 2 4 0 0 0 0 0
952 9 0 0 3 0 0 0 0 0
953 4 0 0 0 0 0 0 0 0
954 2 0 0 0 0 0 0 0 0
956 4 0 0 1 0 0 0 0 0
962 17 1 1 7 1 1 2 0 0
970 5 0 0 2 0 0 0 0 0
972 2 0 0 0 0 0 1 0 0
974 2 0 0 1 0 0 1 0 0
975 1 1 1 0 0 0 1 0 0
976 2 0 0 1 0 0 1 0 0
977 4 0 0 1 0 0 1 0 0
980 5 0 0 2 0 0 1 0 0
983 5 0 0 1 0 0 0 0 0
984 8 1 1 3 0 0 1 0 0
990 3 1 1 0 0 0 3 0 0
1010 5 1 1 0 0 0 4 0 0
1013 3 0 0 0 0 0 1 0 0
1025 7 0 0 5 0 0 0 0 0
fn=_IO_default_finish
686 10 1 1 0 0 0 5 0 0
688 15 0 0 5 0 0 0 0 0
694 15 0 0 5 0 0 0 0 0
697 15 0 0 5 0 0 0 0 0
703 10 1 1 0 0 0 0 0 0
709 5 0 0 5 0 0 0 0 0
fn=_IO_default_setbuf
400 5 0 0 1 0 0 0 0 0
402 1 0 0 0 0 0 1 0 0
403 1 0 0 0 0 0 1 0 0
407 2 1 1 0 0 0 1 0 0
557 6 1 1 0 0 0 3 0 0
558 4 1 1 2 0 0 1 0 0
560 2 0 0 0 0 0 0 0 0
562 2 0 0 0 0 0 1 0 0
563 2 0 0 0 0 0 0 0 0
567 2 0 0 1 0 0 0 0 0
570 3 0 0 0 0 0 3 0 0
571 3 0 0 0 0 0 3 0 0
572 1 0 0 0 0 0 0 0 0
573 4 1 1 4 0 0 0 0 0
fn=_IO_default_xsputn
447 36 1 1 0 0 0 30 0 0
450 36 0 0 0 0 0 0 0 0
451 6 0 0 0 0 0 0 0 0
455 40 1 1 20 0 0 0 0 0
457 15 0 0 0 0 0 0 0 0
460 10 0 0 0 0 0 0 0 0
470 60 1 1 0 0 0 0 0 0
474 55 1 1 0 0 0 0 0 0
475 75 0 0 20 0 0 25 5 5
478 5 0 0 0 0 0 0 0 0
480 52 1 1 12 0 0 4 0 0
482 4 0 0 0 0 0 0 0 0
484 12 1 1 0 0 0 0 0 0
485 36 0 0 36 0 0 0 0 0
fn=_IO_doallocbuf
414 24 1 1 0 0 0 18 0 0
415 12 0 0 6 0 0 0 0 0
417 18 1 1 6 0 0 0 0 0
418 30 0 0 12 2 0 6 1 0
421 24 0 0 24 0 0 0 0 0
fn=_IO_flush_all_lockp
822 8 1 1 0 0 0 6 0 0
823 1 0 0 0 0 0 0 0 0
828 3 0 0 0 0 0 0 0 0
833 1 0 0 1 0 0 0 0 0
834 1 1 1 1 0 0 0 0 0
835 8 0 0 0 0 0 0 0 0
837 3 0 0 0 0 0 3 0 0
838 6 1 1 0 0 0 0 0 0
839 2 0 0 1 0 0 0 0 0
841 21 2 2 9 6 6 0 0 0
851 6 1 1 0 0 0 0 0 0
853 3 1 1 0 0 0 3 0 0
855 9 1 1 3 0 0 0 0 0
862 3 0 0 3 3 3 0 0 0
866 2 0 0 0 0 0 0 0 0
868 2 0 0 0 0 0 0 0 0
872 9 0 0 7 0 0 0 0 0
fn=_IO_link_in
99 40 1 1 0 0 0 20 0 0
100 30 1 1 10 0 0 0 0 0
102 10 0 0 0 0 0 5 0 0
104 30 0 0 5 0 0 10 0 0
105 65 2 2 25 1 0 10 0 0
106 5 0 0 0 0 0 5 1 1
107 90 1 1 50 0 0 5 0 0
109 10 1 1 5 1 0 5 0 0
110 5 0 0 0 0 0 5 0 0
111 5 0 0 5 0 0 0 0 0
113 75 2 2 25 0 0 10 0 0
114 5 0 0 0 0 0 5 0 0
115 45 1 1 10 0 0 10 0 0
116 10 0 0 0 0 0 0 0 0
119 40 0 0 30 0 0 0 0 0
fn=_IO_no_init
643 45 1 1 0 0 0 20 0 0
644 5 0 0 0 0 0 5 0 0
645 5 1 1 0 0 0 5 0 0
647 10 0 0 0 0 0 0 0 0
649 5 0 0 0 0 0 5 0 0
650 5 0 0 0 0 0 5 5 5
651 5 0 0 0 0 0 5 0 0
652 5 0 0 0 0 0 5 0 0
653 5 0 0 0 0 0 5 0 0
654 5 0 0 0 0 0 5 0 0
655 5 1 1 0 0 0 5 0 0
656 5 0 0 0 0 0 5 0 0
657 5 0 0 0 0 0 5 0 0
658 5 0 0 0 0 0 5 5 5
659 5 0 0 0 0 0 5 0 0
660 5 0 0 0 0 0 5 0 0
662 5 0 0 0 0 0 5 0 0
669 5 0 0 0 0 0 5 0 0
670 30 1 1 25 0 0 0 0 0
fn=_IO_old_init
610 10 0 0 0 0 0 5 0 0
611 5 0 0 0 0 0 5 0 0
612 5 0 0 0 0 0 5 5 5
613 5 0 0 0 0 0 5 0 0
614 5 0 0 0 0 0 5 0 0
615 5 0 0 0 0 0 5 0 0
616 5 0 0 0 0 0 5 0 0
617 5 1 1 0 0 0 5 0 0
618 5 0 0 0 0 0 5 0 0
619 5 0 0 0 0 0 5 0 0
620 5 0 0 0 0 0 5 0 0
622 5 0 0 0 0 0 5 0 0
623 5 0 0 0 0 0 5 0 0
624 5 0 0 0 0 0 5 0 0
625 5 0 0 0 0 0 5 0 0
626 10 2 2 0 0 0 5 0 0
631 15 0 0 5 0 0 0 0 0
632 20 0 0 5 0 0 15 5 5
fn=_IO_setb
399 55 1 1 0 0 0 22 1 0
400 54 0 0 22 0 0 0 0 0
401 55 1 1 20 0 0 15 0 0
402 11 0 0 0 0 0 11 0 0
403 11 0 0 0 0 0 11 0 0
405 66 0 0 0 0 0 11 0 0
408 44 0 0 33 0 0 0 0 0
fn=_IO_un_link
60 60 1 1 0 0 0 30 0 0
61 30 0 0 15 0 0 0 0 0
65 30 1 1 5 0 0 10 0 0
66 55 1 1 25 1 1 5 0 0
67 5 0 0 0 0 0 5 1 1
68 100 1 1 50 8 8 5 0 0
70 15 1 1 5 1 1 0 0 0
72 10 0 0 0 0 0 0 0 0
74 3 0 0 1 0 0 1 0 0
75 1 0 0 1 0 0 0 0 0
78 35 1 1 10 3 3 0 0 0
79 24 0 0 0 0 0 0 0 0
81 8 0 0 4 1 1 4 0 0
82 4 0 0 4 0 0 0 0 0
83 4 0 0 0 0 0 0 0 0
85 10 1 1 0 0 0 5 0 0
87 55 0 0 20 0 0 5 0 0
88 5 0 0 0 0 0 5 0 0
89 35 1 1 15 0 0 5 0 0
90 10 0 0 0 0 0 0 0 0
93 60 0 0 45 0 0 0 0 0
fn=_IO_unsave_markers
1119 20 2 2 0 0 0 10 0 0
1121 20 0 0 10 0 0 0 0 0
1140 30 2 2 10 0 0 0 0 0
1142 20 0 0 20 0 0 0 0 0
fl=/build/buildd/eglibc-2.19/libio/iofclose.c
fn=fclose@@GLIBC_2.2.5
40 20 1 1 0 0 0 15 0 0
54 20 0 0 5 1 1 0 0 0
55 20 1 1 5 0 0 5 0 0
57 90 2 2 45 0 0 5 0 0
58 10 0 0 0 0 0 0 0 0
59 25 0 0 5 0 0 5 0 0
61 15 0 0 0 0 0 0 0 0
63 20 0 0 10 0 0 5 0 0
64 15 1 1 5 0 0 0 0 0
79 10 1 1 5 0 0 0 0 0
82 30 1 1 15 1 1 0 0 0
84 5 0 0 0 0 0 5 0 0
85 10 0 0 0 0 0 5 0 0
89 25 0 0 20 0 0 0 0 0
fl=/build/buildd/eglibc-2.19/libio/iofopen.c
fn=__fopen_internal
65 40 1 1 0 0 0 20 0 0
73 15 1 1 0 0 0 5 0 0
75 10 0 0 0 0 0 0 0 0
78 10 0 0 0 0 0 5 5 5
81 30 0 0 0 0 0 5 0 0
85 10 1 1 0 0 0 5 0 0
86 10 0 0 0 0 0 5 0 0
90 35 0 0 0 0 0 5 0 0
91 10 0 0 0 0 0 0 0 0
96 25 0 0 20 0 0 0 0 0
fn=__fopen_maybe_mmap
40 5 0 0 0 0 0 0 0 0
42 10 1 1 5 0 0 0 0 0
57 5 0 0 5 0 0 0 0 0
fn=fopen@@GLIBC_2.2.5
103 10 1 1 0 0 0 0 0 0
fl=/build/buildd/eglibc-2.19/libio/libioP.h
fn=fclose@@GLIBC_2.2.5
904 10 0 0 0 0 0 0 0 0
905 45 1 1 20 0 0 5 0 0
fl=/build/buildd/eglibc-2.19/malloc/arena.c
fn=malloc_hook_ini
373 3 1 1 1 1 1 0 0 0
fn=ptmalloc_init.part.7
334 198 0 0 66 9 0 0 0 0
336 130 0 0 65 31 0 0 0 0
337 2 0 0 1 0 0 0 0 0
338 2 0 0 1 0 0 0 0 0
352 65 0 0 0 0 0 0 0 0
371 6 1 1 0 0 0 5 0 0
376 1 0 0 0 0 0 1 0 0
384 2 0 0 1 0 0 0 0 0
385 7 2 2 0 0 0 1 0 0
386 4 0 0 2 0 0 0 0 0
391 3 1 1 1 1 0 1 1 0
392 12 1 1 1 1 0 6 2 2
394 5 0 0 2 1 0 0 0 0
410 2 1 1 0 0 0 0 0 0
455 2 0 0 0 0 0 0 0 0
461 2 0 0 2 1 1 0 0 0
462 2 0 0 0 0 0 0 0 0
464 1 0 0 0 0 0 1 1 0
465 7 0 0 6 1 0 0 0 0
fl=/build/buildd/eglibc-2.19/malloc/hooks.c
fn=malloc_hook_ini
29 4 0 0 1 0 0 2 0 0
30 2 1 1 1 0 0 1 0 0
32 1 0 0 0 0 0 0 0 0
33 1 0 0 0 0 0 0 0 0
fl=/build/buildd/eglibc-2.19/malloc/malloc.c
fn=_int_free
1869 147 1 1 49 5 5 0 0 0
3814 441 1 1 0 0 0 343 4 3
3825 2 0 0 0 0 0 2 0 0
3827 147 0 0 49 0 0 0 0 0
3833 196 1 1 0 0 0 0 0 0
3834 98 0 0 0 0 0 0 0 0
3845 196 0 0 0 0 0 0 0 0
3858 147 0 0 49 5 5 0 0 0
3869 60 1 1 15 0 0 0 0 0
3870 45 0 0 15 0 0 0 0 0
3894 15 0 0 0 0 0 0 0 0
3896 45 1 1 30 0 0 0 0 0
3897 30 0 0 0 0 0 0 0 0
3898 30 0 0 0 0 0 0 0 0
3901 15 0 0 15 0 0 0 0 0
3902 60 0 0 0 0 0 0 0 0
3907 45 0 0 15 0 0 0 0 0
3916 32 1 1 0 0 0 0 0 0
3918 15 0 0 0 0 0 15 0 0
3920 90 0 0 30 0 0 0 0 0
3922 32 0 0 0 0 0 0 0 0
3933 68 1 1 0 0 0 0 0 0
3934 104 0 0 34 0 0 0 0 0
3943 224 2 2 96 5 5 0 0 0
3945 64 0 0 0 0 0 32 0 0
3948 34 0 0 0 0 0 0 0 0
3952 102 1 1 34 5 5 0 0 0
3958 74 0 0 34 0 0 0 0 0
3960 9 1 1 3 1 0 0 0 0
3966 102 0 0 34 5 1 0 0 0
3972 68 0 0 0 0 0 0 0 0
3973 68 0 0 0 0 0 0 0 0
3974 68 0 0 34 5 5 0 0 0
3983 68 0 0 34 0 0 0 0 0
3984 5 0 0 5 0 0 0 0 0
3985 5 0 0 0 0 0 0 0 0
3986 5 0 0 0 0 0 0 0 0
3987 62 0 0 29 0 0 10 0 0
3990 68 1 1 34 0 0 0 0 0
3995 58 0 0 29 14 13 0 0 0
3996 240 2 2 107 8 8 38 0 0
3997 12 0 0 0 0 0 0 0 0
3999 34 1 1 17 0 0 0 0 0
4007 29 0 0 0 0 0 0 0 0
4008 29 1 1 29 5 5 0 0 0
4009 58 0 0 29 0 0 0 0 0
4014 29 1 1 0 0 0 29 0 0
4015 29 0 0 0 0 0 29 0 0
4016 58 0 0 0 0 0 0 0 0
4018 28 0 0 0 0 0 28 4 4
4019 28 0 0 0 0 0 28 0 0
4021 29 0 0 0 0 0 29 0 0
4022 29 0 0 0 0 0 29 0 0
4024 87 0 0 0 0 0 29 0 0
4025 29 0 0 0 0 0 29 0 0
4036 5 1 1 0 0 0 0 0 0
4037 15 0 0 0 0 0 5 0 0
4038 10 0 0 0 0 0 5 0 0
4055 68 0 0 0 0 0 0 0 0
4056 44 1 1 22 0 0 0 0 0
4057 30 0 0 0 0 0 10 0 0
4059 66 0 0 0 0 0 0 0 0
4061 110 1 1 66 4 4 0 0 0
4075 102 1 1 34 0 0 0 0 0
4076 96 0 0 32 0 0 0 0 0
4077 128 0 0 64 0 0 0 0 0
4087 392 0 0 343 0 0 0 0 0
fn=_int_malloc
1862 150 0 0 50 9 8 0 0 0
2271 35 0 0 14 6 2 14 0 0
2272 8 1 1 0 0 0 0 0 0
2282 23 0 0 13 3 2 0 0 0
2297 15 0 0 6 0 0 0 0 0
2303 6 0 0 0 0 0 0 0 0
2305 24 1 1 0 0 0 6 0 0
2307 9 0 0 3 0 0 0 0 0
2322 9 0 0 0 0 0 0 0 0
2337 9 0 0 0 0 0 3 3 3
2342 9 1 1 6 0 0 0 0 0
2343 15 0 0 6 0 0 0 0 0
2346 9 0 0 6 0 0 0 0 0
2347 15 1 1 6 0 0 0 0 0
2360 4 0 0 0 0 0 0 0 0
2369 28 2 2 3 0 0 0 0 0
2375 6 0 0 3 0 0 0 0 0
2378 12 1 1 0 0 0 0 0 0
2433 8 1 1 4 0 0 0 0 0
2442 20 0 0 4 0 0 0 0 0
2452 36 1 1 4 0 0 8 0 0
2460 8 0 0 0 0 0 0 0 0
2462 24 0 0 12 3 1 8 0 0
2466 20 0 0 8 0 0 0 0 0
2469 4 1 1 4 0 0 0 0 0
2470 4 0 0 0 0 0 0 0 0
2485 4 0 0 0 0 0 0 0 0
2486 4 0 0 2 0 0 0 0 0
2489 8 0 0 0 0 0 0 0 0
2493 10 0 0 4 0 0 0 0 0
2495 16 0 0 0 0 0 2 0 0
2497 4 0 0 0 0 0 0 0 0
2509 6 0 0 2 0 0 0 0 0
2514 4 1 1 0 0 0 0 0 0
2516 8 0 0 4 3 2 0 0 0
2517 1 0 0 0 0 0 1 0 0
2518 12 0 0 4 0 0 4 0 0
2524 12 1 1 0 0 0 0 0 0
2525 6 0 0 1 0 0 1 0 0
2527 12 3 3 3 0 0 0 0 0
2556 2 0 0 0 0 0 0 0 0
2569 6 2 2 0 0 0 0 0 0
2588 1 0 0 0 0 0 0 0 0
2591 2 0 0 0 0 0 0 0 0
2592 7 1 1 2 0 0 0 0 0
2594 2 0 0 0 0 0 0 0 0
2595 4 0 0 2 0 0 2 0 0
2607 3 0 0 1 0 0 0 0 0
2615 2 1 1 2 0 0 0 0 0
2616 3 0 0 1 0 0 0 0 0
2626 6 1 1 0 0 0 0 0 0
2645 6 0 0 0 0 0 0 0 0
2654 3 0 0 0 0 0 3 0 0
2655 15 0 0 0 0 0 3 3 2
2656 6 0 0 0 0 0 3 0 0
2667 6 1 1 0 0 0 0 0 0
2674 4 0 0 0 0 0 0 0 0
2675 6 0 0 0 0 0 2 0 0
2683 2 0 0 0 0 0 2 2 2
2686 2 0 0 0 0 0 2 0 0
2690 4 0 0 0 0 0 0 0 0
2692 10 0 0 0 0 0 2 0 0
2700 8 1 1 4 0 0 0 0 0
2701 4 1 1 0 0 0 4 0 0
2706 8 0 0 4 0 0 0 0 0
2709 8 0 0 4 0 0 0 0 0
2711 4 0 0 0 0 0 0 0 0
2712 4 0 0 0 0 0 0 0 0
2713 4 0 0 0 0 0 4 0 0
2714 32 0 0 0 0 0 4 0 0
2715 8 0 0 0 0 0 4 4 3
2717 4 0 0 0 0 0 0 0 0
2721 7 1 1 0 0 0 0 0 0
3302 400 1 1 0 0 0 350 13 11
3332 500 0 0 0 0 0 0 0 0
3340 100 1 1 50 9 8 0 0 0
3342 45 0 0 0 0 0 0 0 0
3343 45 0 0 0 0 0 0 0 0
3344 15 0 0 15 0 0 0 0 0
3348 30 0 0 0 0 0 0 0 0
3351 24 0 0 12 0 0 0 0 0
3352 12 0 0 0 0 0 0 0 0
3355 20 1 1 4 0 0 0 0 0
3357 6 0 0 0 0 0 0 0 0
3377 92 2 2 0 0 0 0 0 0
3379 32 0 0 0 0 0 0 0 0
3380 32 0 0 0 0 0 0 0 0
3382 48 0 0 16 9 8 0 0 0
3384 4 0 0 0 0 0 0 0 0
3388 1 0 0 1 1 1 0 0 0
3389 2 0 0 1 0 0 0 0 0
3394 1 0 0 1 0 0 0 0 0
3395 1 0 0 0 0 0 1 0 0
3396 1 0 0 0 0 0 1 0 0
3398 3 0 0 0 0 0 0 0 0
3421 480 3 3 0 0 0 0 0 0
3422 60 0 0 30 0 0 0 0 0
3423 20 1 1 5 0 0 10 2 1
3442 315 1 1 75 0 0 0 0 0
3444 33 0 0 33 1 1 0 0 0
3445 99 1 1 33 6 6 0 0 0
3446 66 0 0 33 7 7 0 0 0
3449 33 0 0 0 0 0 0 0 0
3459 78 0 0 0 0 0 0 0 0
3460 12 0 0 0 0 0 0 0 0
3461 6 1 1 6 0 0 0 0 0
3488 33 0 0 0 0 0 33 0 0
3489 33 0 0 0 0 0 33 0 0
3493 66 0 0 0 0 0 0 0 0
3495 3 0 0 3 0 0 0 0 0
3496 12 0 0 0 0 0 0 0 0
3506 60 1 1 0 0 0 0 0 0
3508 2 0 0 0 0 0 0 0 0
3509 3 0 0 0 0 0 0 0 0
3510 1 0 0 1 0 0 0 0 0
3514 554 5 5 0 0 0 0 0 0
3515 29 0 0 0 0 0 0 0 0
3516 29 0 0 29 12 12 0 0 0
3519 58 0 0 0 0 0 0 0 0
3522 7 0 0 0 0 0 0 0 0
3524 28 0 0 14 2 2 0 0 0
3525 14 0 0 0 0 0 0 0 0
3530 5 0 0 0 0 0 5 0 0
3531 10 0 0 5 0 0 5 0 0
3532 15 0 0 0 0 0 10 0 0
3536 6 1 1 2 0 0 0 0 0
3537 4 0 0 0 0 0 0 0 0
3543 2 0 0 0 0 0 0 0 0
3548 2 0 0 0 0 0 2 0 0
3549 4 0 0 2 2 2 2 0 0
3550 2 0 0 0 0 0 2 0 0
3551 6 0 0 2 0 0 2 0 0
3553 4 0 0 2 0 0 0 0 0
3557 88 0 0 0 0 0 44 0 0
3560 180 0 0 30 0 0 0 0 0
3561 30 0 0 0 0 0 30 0 0
3562 30 0 0 0 0 0 30 0 0
3563 30 0 0 0 0 0 30 0 0
3564 30 0 0 0 0 0 30 0 0
3567 60 0 0 0 0 0 0 0 0
3576 84 1 1 0 0 0 0 0 0
3578 54 1 1 0 0 0 0 0 0
3581 95 0 0 34 11 11 0 0 0
3584 14 0 0 7 0 0 0 0 0
3585 35 1 1 7 0 0 0 0 0
3591 21 0 0 14 0 0 0 0 0
3594 14 0 0 0 0 0 0 0 0
3595 161 3 3 70 0 0 28 0 0
3598 14 0 0 0 0 0 0 0 0
3607 7 0 0 0 0 0 0 0 0
3611 7 1 1 7 0 0 0 0 0
3612 14 0 0 7 0 0 0 0 0
3617 7 0 0 0 0 0 7 4 3
3618 7 0 0 0 0 0 7 0 0
3619 7 0 0 0 0 0 7 0 0
3620 7 0 0 0 0 0 7 0 0
3621 14 0 0 0 0 0 0 0 0
3623 6 0 0 0 0 0 6 0 0
3624 6 0 0 0 0 0 6 0 0
3626 56 1 1 0 0 0 7 0 0
3628 21 0 0 0 0 0 7 0 0
3629 14 0 0 0 0 0 7 3 3
3649 35 0 0 0 0 0 0 0 0
3650 70 0 0 0 0 0 0 0 0
3651 70 0 0 0 0 0 0 0 0
3652 70 0 0 35 7 6 0 0 0
3653 70 0 0 0 0 0 0 0 0
3658 258 1 1 0 0 0 0 0 0
3662 177 1 1 0 0 0 0 0 0
3665 188 0 0 40 2 0 0 0 0
3667 7 0 0 0 0 0 0 0 0
3668 14 0 0 0 0 0 0 0 0
3672 448 1 1 0 0 0 0 0 0
3674 201 0 0 0 0 0 0 0 0
3676 402 0 0 0 0 0 0 0 0
3680 23 0 0 23 8 7 0 0 0
3683 46 0 0 0 0 0 0 0 0
3685 40 0 0 0 0 0 8 0 0
3686 8 0 0 0 0 0 0 0 0
3687 8 0 0 0 0 0 0 0 0
3692 45 1 1 15 1 1 0 0 0
3695 30 0 0 0 0 0 0 0 0
3697 30 0 0 0 0 0 0 0 0
3700 360 3 3 150 0 0 60 0 0
3703 30 0 0 0 0 0 0 0 0
3713 15 0 0 0 0 0 0 0 0
3718 15 1 1 15 0 0 0 0 0
3719 30 0 0 15 0 0 0 0 0
3724 15 0 0 0 0 0 15 8 7
3725 15 0 0 0 0 0 15 0 0
3726 15 0 0 0 0 0 15 0 0
3727 15 0 0 0 0 0 15 0 0
3730 30 1 1 0 0 0 0 0 0
3731 7 0 0 0 0 0 7 0 0
3732 30 0 0 0 0 0 0 0 0
3734 15 0 0 0 0 0 15 4 4
3735 15 0 0 0 0 0 15 0 0
3737 120 0 0 0 0 0 15 0 0
3739 45 0 0 0 0 0 15 0 0
3740 30 0 0 0 0 0 15 5 5
3743 30 0 0 0 0 0 0 0 0
3747 8 0 0 0 0 0 0 0 0
3765 20 0 0 20 0 0 0 0 0
3766 60 0 0 20 0 0 0 0 0
3768 60 1 1 0 0 0 0 0 0
3770 13 0 0 0 0 0 0 0 0
3771 13 0 0 0 0 0 0 0 0
3772 13 0 0 0 0 0 13 0 0
3773 104 2 2 0 0 0 13 0 0
3775 26 0 0 0 0 0 13 12 12
3778 13 0 0 0 0 0 0 0 0
3785 14 0 0 7 0 0 0 0 0
3790 180 0 0 0 0 0 45 0 0
3792 1125 1 1 0 0 0 450 16 14
3801 14 0 0 0 0 0 0 0 0
3806 450 1 1 350 0 0 0 0 0
4990 180 0 0 0 0 0 90 0 0
4992 135 2 2 45 0 0 45 0 0
5000 7 1 1 0 0 0 7 0 0
fn=calloc
3161 150 1 1 0 0 0 120 0 0
3171 60 0 0 0 0 0 0 0 0
3174 150 1 1 0 0 0 0 0 0
3184 60 0 0 60 0 0 0 0 0
3185 60 0 0 0 0 0 0 0 0
3197 300 1 1 120 0 0 0 0 0
3204 30 0 0 30 8 7 0 0 0
3205 60 0 0 30 8 7 0 0 0
3212 90 0 0 0 0 0 0 0 0
3219 120 1 1 0 0 0 30 0 0
3222 285 1 1 30 0 0 0 0 0
3238 120 0 0 60 0 0 0 0 0
3239 27 0 0 0 0 0 0 0 0
3242 90 0 0 30 0 0 0 0 0
3244 12 0 0 3 0 0 0 0 0
3250 27 0 0 0 0 0 0 0 0
3253 156 2 2 27 0 0 0 0 0
3264 27 0 0 0 0 0 0 0 0
3265 54 0 0 0 0 0 0 0 0
3266 54 0 0 0 0 0 0 0 0
3268 54 1 1 0 0 0 0 0 0
3269 81 1 1 0 0 0 0 0 0
3294 153 0 0 123 0 0 0 0 0
fn=free
2807 9 1 1 3 0 0 0 0 0
2808 3 0 0 0 0 0 0 0 0
2814 21 0 0 6 0 0 0 0 0
2821 3 0 0 6 0 0 0 0 0
2822 9 0 0 6 0 0 0 0 0
2827 6 1 1 0 0 0 0 0 0
2917 100 1 1 100 10 10 0 0 0
2918 100 1 1 0 0 0 0 0 0
2924 100 0 0 0 0 0 0 0 0
2927 50 0 0 0 0 0 0 0 0
2929 150 0 0 50 14 14 0 0 0
2932 9 1 1 3 1 1 0 0 0
2933 6 0 0 3 1 1 0 0 0
2934 6 0 0 0 0 0 0 0 0
2936 6 0 0 0 0 0 3 0 0
2937 9 0 0 0 0 0 3 0 0
2945 141 0 0 0 0 0 0 0 0
2946 94 0 0 0 0 0 0 0 0
fn=malloc
2876 84 1 1 0 0 0 42 1 0
2881 42 0 0 42 19 14 0 0 0
2882 42 0 0 0 0 0 0 0 0
2883 2 1 1 1 0 0 0 0 0
2885 40 0 0 40 24 22 0 0 0
2887 160 1 1 40 8 6 0 0 0
2891 80 0 0 0 0 0 20 2 2
2892 40 0 0 0 0 0 0 0 0
2903 80 1 1 40 0 0 0 0 0
2904 160 0 0 20 0 0 0 0 0
2907 103 1 1 63 0 0 0 0 0
fn=malloc_consolidate
1785 381 0 0 0 0 0 0 0 0
1788 381 0 0 0 0 0 254 31 31
1792 3 1 1 0 0 0 0 0 0
1796 3 1 1 1 0 0 1 0 0
1797 2 0 0 0 0 0 1 0 0
1799 1 0 0 0 0 0 1 1 1
4104 120 1 1 0 0 0 90 2 2
4126 33 0 0 15 0 0 0 0 0
4127 42 0 0 28 0 0 0 0 0
4129 14 0 0 0 0 0 0 0 0
4139 14 0 0 0 0 0 0 0 0
4140 14 0 0 0 0 0 0 0 0
4142 280 0 0 280 0 0 0 0 0
4143 410 0 0 0 0 0 0 0 0
4146 11 0 0 11 0 0 0 0 0
4149 33 1 1 11 0 0 0 0 0
4150 11 0 0 0 0 0 0 0 0
4151 22 0 0 11 0 0 0 0 0
4153 22 0 0 0 0 0 0 0 0
4154 6 0 0 6 0 0 0 0 0
4155 6 0 0 0 0 0 0 0 0
4156 6 0 0 0 0 0 0 0 0
4157 78 1 1 36 0 0 12 0 0
4160 22 0 0 11 0 0 0 0 0
4163 22 0 0 11 0 0 0 0 0
4164 11 0 0 0 0 0 0 0 0
4165 143 1 1 66 0 0 22 0 0
4169 11 0 0 11 0 0 0 0 0
4170 11 0 0 0 0 0 11 0 0
4171 11 0 0 0 0 0 11 0 0
4173 22 1 1 0 0 0 0 0 0
4174 11 0 0 0 0 0 11 0 0
4175 11 0 0 0 0 0 11 0 0
4178 33 0 0 0 0 0 11 0 0
4179 11 0 0 0 0 0 11 0 0
4180 11 0 0 0 0 0 11 0 0
4181 11 0 0 0 0 0 11 0 0
4190 23 0 0 0 0 0 0 0 0
4193 560 1 1 0 0 0 0 0 0
4199 120 0 0 105 0 0 0 0 0
4990 70 0 0 0 0 0 28 2 2
4992 28 1 1 14 0 0 14 3 3
4996 1 1 1 0 0 0 0 0 0
fl=/build/buildd/eglibc-2.19/malloc/morecore.c
fn=__default_morecore
46 5 1 1 0 0 0 0 0 0
47 5 0 0 0 0 0 5 2 1
49 15 0 0 0 0 0 0 0 0
52 15 0 0 5 0 0 0 0 0
fl=/build/buildd/eglibc-2.19/misc/../sysdeps/unix/syscall-template.S
fn=__lseek_nocancel
81 25 0 0 5 0 0 0 0 0
fn=__syscall_clock_gettime
62 20 1 1 0 0 0 0 0 0
63 10 0 0 10 0 0 0 0 0
fn=lseek
81 10 1 1 5 0 0 0 0 0
fn=mmap
81 100 2 2 0 0 0 0 0 0
82 20 0 0 20 0 0 0 0 0
fn=mprotect
81 24 1 1 0 0 0 0 0 0
82 6 0 0 6 0 0 0 0 0
fn=munmap
81 36 0 0 0 0 0 0 0 0
82 9 0 0 9 0 0 0 0 0
fl=/build/buildd/eglibc-2.19/misc/../sysdeps/unix/sysv/linux/x86_64/brk.c
fn=brk
28 5 0 0 0 0 0 0 0 0
31 40 1 1 5 0 0 5 0 0
33 10 0 0 0 0 0 0 0 0
35 4 1 1 2 0 0 2 2 1
36 2 0 0 0 0 0 0 0 0
39 5 0 0 0 0 0 0 0 0
40 5 0 0 5 0 0 0 0 0
fl=/build/buildd/eglibc-2.19/misc/init-misc.c
fn=__init_misc
30 4 1 1 0 0 0 2 0 0
31 5 0 0 1 0 0 0 0 0
33 3 0 0 0 0 0 1 0 0
37 5 0 0 1 1 0 1 1 0
38 3 1 1 2 0 0 1 0 0
40 4 0 0 3 0 0 0 0 0
fl=/build/buildd/eglibc-2.19/misc/sbrk.c
fn=sbrk
34 20 1 1 0 0 0 15 0 0
42 32 0 0 14 12 7 0 0 0
43 6 1 1 1 0 0 1 0 0
44 2 0 0 0 0 0 0 0 0
46 10 0 0 0 0 0 0 0 0
50 16 0 0 0 0 0 0 0 0
53 12 0 0 0 0 0 4 0 0
57 25 0 0 20 0 0 0 0 0
fl=/build/buildd/eglibc-2.19/nptl/../nptl/sysdeps/unix/sysv/linux/register-atfork.c
fn=__linkin_atfork
116 2 1 1 1 1 1 1 0 0
117 6 1 1 2 1 0 0 0 0
119 1 0 0 1 0 0 0 0 0
fl=/build/buildd/eglibc-2.19/nptl/../nptl/sysdeps/unix/sysv/linux/unregister-atfork.c
fn=__unregister_atfork
28 2 0 0 0 0 0 1 0 0
36 1 1 1 1 1 1 0 0 0
39 4 1 1 0 0 0 0 0 0
40 3 0 0 1 1 1 0 0 0
45 1 0 0 1 1 1 0 0 0
121 2 0 0 2 0 0 0 0 0
fl=/build/buildd/eglibc-2.19/posix/../sysdeps/unix/syscall-template.S
fn=uname
81 4 1 1 0 0 0 0 0 0
82 1 0 0 1 0 0 0 0 0
fl=/build/buildd/eglibc-2.19/posix/../sysdeps/unix/sysv/linux/_exit.c
fn=_Exit
28 2 1 1 1 0 0 0 0 0
32 4 1 1 0 0 0 0 0 0
34 2 0 0 0 0 0 0 0 0
fl=/build/buildd/eglibc-2.19/rt/../sysdeps/unix/clock_gettime.c
fn=clock_gettime
93 10 1 1 0 0 0 0 0 0
115 70 0 0 30 29 29 10 1 1
134 20 1 1 10 0 0 0 0 0
fl=/build/buildd/eglibc-2.19/setjmp/../sysdeps/x86_64/bsd-_setjmp.S
fn=_setjmp
30 1 1 1 0 0 0 0 0 0
32 1 0 0 0 0 0 0 0 0
fl=/build/buildd/eglibc-2.19/setjmp/../sysdeps/x86_64/setjmp.S
fn=__sigsetjmp
26 4 2 2 0 0 0 4 0 0
35 4 0 0 0 0 0 0 0 0
36 8 1 1 4 0 0 0 0 0
37 4 0 0 0 0 0 4 0 0
41 4 0 0 0 0 0 4 0 0
42 4 0 0 0 0 0 4 0 0
43 4 0 0 0 0 0 4 0 0
44 4 0 0 0 0 0 4 1 1
45 4 0 0 0 0 0 0 0 0
47 8 0 0 4 0 0 0 0 0
49 4 0 0 0 0 0 4 0 0
50 4 1 1 4 0 0 0 0 0
53 8 0 0 4 0 0 0 0 0
55 4 0 0 0 0 0 4 0 0
59 3 0 0 0 0 0 0 0 0
60 3 0 0 3 0 0 0 0 0
64 1 0 0 0 0 0 0 0 0
fl=/build/buildd/eglibc-2.19/setjmp/sigjmp.c
fn=__sigjmp_save
28 2 0 0 0 0 0 1 0 0
29 4 0 0 0 0 0 1 0 0
34 3 0 0 2 0 0 0 0 0
fl=/build/buildd/eglibc-2.19/stdio-common/_itoa.c
fn=_itoa_word
168 44 1 1 0 0 0 0 0 0
170 22 0 0 0 0 0 0 0 0
179 442 2 2 35 6 6 35 0 0
188 22 0 0 11 0 0 0 0 0
fl=/build/buildd/eglibc-2.19/stdio-common/printf-parse.h
fn=vfprintf
108 68 1 1 0 0 0 34 8 7
fl=/build/buildd/eglibc-2.19/stdio-common/vfprintf.c
fn=vfprintf
235 66 2 2 0 0 0 36 3 3
240 6 0 0 0 0 0 6 0 0
270 18 0 0 12 10 10 6 4 4
274 6 0 0 0 0 0 6 3 3
277 6 1 1 0 0 0 6 1 0
283 6 0 0 0 0 0 6 1 1
1295 24 0 0 6 1 0 6 0 0
1299 30 1 1 6 0 0 0 0 0
1310 12 0 0 0 0 0 0 0 0
1317 6 0 0 0 0 0 6 0 0
1321 36 0 0 18 0 0 18 6 4
1325 6 0 0 0 0 0 6 0 0
1332 6 0 0 0 0 0 6 0 0
1336 60 2 2 12 5 5 24 1 0
1337 36 1 1 24 0 0 0 0 0
1340 78 2 2 18 6 5 18 0 0
1344 18 1 1 12 0 0 0 0 0
1348 42 0 0 18 10 10 0 0 0
1375 11 0 0 0 0 0 11 2 1
1376 11 0 0 0 0 0 11 0 0
1377 11 1 1 0 0 0 11 0 0
1378 11 0 0 0 0 0 11 0 0
1379 11 0 0 0 0 0 11 4 4
1380 11 0 0 0 0 0 11 0 0
1381 11 0 0 0 0 0 11 0 0
1382 11 0 0 0 0 0 11 0 0
1383 11 0 0 0 0 0 11 0 0
1384 11 1 1 0 0 0 11 0 0
1385 11 0 0 0 0 0 11 0 0
1388 11 0 0 0 0 0 11 0 0
1389 11 0 0 0 0 0 11 0 0
1392 11 0 0 0 0 0 11 0 0
1393 11 0 0 0 0 0 0 0 0
1396 187 2 2 44 12 12 22 0 0
1559 33 0 0 0 0 0 11 3 3
1580 22 0 0 0 0 0 11 1 0
1632 10 1 1 0 0 0 5 0 0
1633 85 2 2 25 5 5 10 0 0
1660 1196 24 24 419 0 0 131 0 0
1678 15 0 0 5 0 0 0 0 0
1680 22 1 1 11 0 0 0 0 0
1682 11 0 0 0 0 0 11 0 0
1688 44 1 1 11 0 0 22 0 0
1692 253 1 1 55 0 0 33 0 0
1694 22 0 0 11 0 0 0 0 0
2091 12 1 1 6 0 0 0 0 0
2093 12 1 1 6 0 0 0 0 0
2095 12 0 0 6 0 0 0 0 0
2098 30 0 0 18 0 0 0 0 0
2099 18 0 0 6 0 0 0 0 0
2101 6 0 0 6 0 0 0 0 0
2102 48 0 0 42 0 0 0 0 0
fl=/build/buildd/eglibc-2.19/stdlib/../stdlib/strtol.c
fn=strtol
108 4 1 1 2 0 0 0 0 0
fl=/build/buildd/eglibc-2.19/stdlib/../stdlib/strtol_l.c
fn=____strtol_l_internal
232 9 1 1 0 0 0 7 0 0
246 1 0 0 1 0 0 0 0 0
252 1 0 0 0 0 0 0 0 0
258 2 1 1 0 0 0 0 0 0
279 1 0 0 0 0 0 0 0 0
280 1 0 0 0 0 0 0 0 0
289 4 0 0 0 0 0 0 0 0
298 6 0 0 3 1 1 0 0 0
300 2 1 1 0 0 0 0 0 0
304 1 0 0 0 0 0 1 0 0
305 2 0 0 0 0 0 0 0 0
310 2 0 0 0 0 0 0 0 0
314 2 0 0 0 0 0 0 0 0
324 2 0 0 0 0 0 0 0 0
331 3 1 1 0 0 0 0 0 0
334 5 2 2 0 0 0 0 0 0
376 1 0 0 0 0 0 0 0 0
379 3 0 0 1 1 1 0 0 0
380 3 0 0 1 1 1 1 0 0
382 1 0 0 0 0 0 0 0 0
383 1 0 0 0 0 0 0 0 0
384 1 0 0 0 0 0 0 0 0
438 22 0 0 4 0 0 0 0 0
440 12 1 1 0 0 0 0 0 0
442 12 0 0 0 0 0 0 0 0
456 2 1 1 0 0 0 1 0 0
470 12 1 1 0 0 0 0 0 0
473 16 0 0 0 0 0 0 0 0
478 5 0 0 0 0 0 0 0 0
479 8 0 0 0 0 0 0 0 0
484 2 1 1 0 0 0 0 0 0
489 3 0 0 1 0 0 0 0 0
495 2 0 0 0 0 0 0 0 0
496 3 1 1 0 0 0 0 0 0
498 3 0 0 1 0 0 0 0 0
513 1 0 0 0 0 0 0 0 0
531 8 1 1 7 0 0 0 0 0
fl=/build/buildd/eglibc-2.19/stdlib/cxa_atexit.c
fn=__cxa_atexit
35 2 0 0 0 0 0 1 0 0
37 2 0 0 0 0 0 0 0 0
41 3 0 0 1 0 0 0 0 0
43 1 0 0 0 0 0 1 0 0
44 1 0 0 0 0 0 1 0 0
45 1 0 0 0 0 0 1 0 0
47 1 1 1 0 0 0 1 0 0
48 1 0 0 0 0 0 0 0 0
57 6 1 1 0 0 0 3 0 0
59 4 0 0 4 0 0 0 0 0
fn=__new_exitfn
73 4 1 1 0 0 0 2 0 0
74 2 0 0 0 0 0 0 0 0
79 6 0 0 2 2 2 0 0 0
81 8 2 2 2 1 0 0 0 0
83 3 0 0 1 1 0 0 0 0
91 1 0 0 0 0 0 1 0 0
112 1 1 1 0 0 0 0 0 0
113 2 0 0 0 0 0 1 0 0
126 1 1 1 0 0 0 1 0 0
127 1 0 0 1 1 1 0 0 0
130 4 0 0 2 0 0 0 0 0
133 5 0 0 3 0 0 0 0 0
fl=/build/buildd/eglibc-2.19/stdlib/cxa_finalize.c
fn=__cxa_finalize
31 8 1 1 0 0 0 6 0 0
35 7 1 1 2 0 0 0 0 0
39 6 1 1 1 0 0 0 0 0
48 1 0 0 0 0 0 0 0 0
67 7 1 1 2 0 0 0 0 0
71 6 0 0 1 1 1 0 0 0
79 2 0 0 0 0 0 0 0 0
80 2 0 0 0 0 0 0 0 0
82 7 1 1 6 0 0 0 0 0
fl=/build/buildd/eglibc-2.19/stdlib/cxa_thread_atexit_impl.c
fn=__call_tls_dtors
82 3 1 1 0 0 0 3 0 0
83 5 0 0 1 1 1 1 0 0
101 4 1 1 4 0 0 0 0 0
fl=/build/buildd/eglibc-2.19/stdlib/exit.c
fn=__run_exit_handlers
35 8 1 1 0 0 0 4 0 0
40 2 0 0 1 1 1 1 0 0
46 8 0 0 2 1 1 0 0 0
50 6 0 0 0 0 0 0 0 0
52 1 0 0 0 0 0 1 0 0
53 1 0 0 0 0 0 0 0 0
54 5 1 1 1 0 0 0 0 0
78 1 1 1 1 0 0 0 0 0
80 2 0 0 1 0 0 0 0 0
82 3 0 0 1 0 0 1 0 0
83 1 0 0 0 0 0 0 0 0
87 2 0 0 1 0 0 1 0 0
88 2 0 0 0 0 0 0 0 0
94 2 0 0 0 0 0 0 0 0
95 8 1 1 1 1 1 1 0 0
97 2 0 0 0 0 0 1 0 0
fn=exit
103 1 0 0 0 0 0 0 0 0
104 3 1 1 0 0 0 1 0 0
fl=/build/buildd/eglibc-2.19/stdlib/rand.c
fn=rand
26 10000000 1 1 0 0 0 0 0 0
27 10000000 0 0 0 0 0 10000000 0 0
28 20000000 0 0 10000000 0 0 0 0 0
fl=/build/buildd/eglibc-2.19/stdlib/random.c
fn=random
293 10000000 1 1 0 0 0 0 0 0
296 60000000 1 1 20000000 9 8 0 0 0
298 30000000 0 0 0 0 0 10000000 4 4
300 40000000 1 1 20000000 0 0 0 0 0
302 10000000 0 0 10000000 0 0 0 0 0
303 20000000 0 0 10000000 0 0 0 0 0
fn=srand
210 2 1 1 0 0 0 0 0 0
211 6 1 1 2 1 1 0 0 0
212 3 0 0 0 0 0 1 0 0
213 4 1 1 2 0 0 0 0 0
214 2 0 0 1 0 0 0 0 0
fl=/build/buildd/eglibc-2.19/stdlib/random_r.c
fn=random_r
366 40001240 1 1 0 0 0 0 0 0
369 10322900 0 0 10000310 0 0 0 0 0
371 30000930 0 0 10000310 5 4 0 0 0
380 10000310 0 0 10000310 0 0 0 0 0
381 10000310 0 0 10000310 0 0 0 0 0
382 10000310 0 0 10000310 5 4 0 0 0
385 30000930 0 0 20000620 10 8 10000310 0 0
387 20000620 0 0 0 0 0 10000310 0 0
388 10000310 0 0 0 0 0 0 0 0
389 20000620 0 0 0 0 0 0 0 0
392 322590 0 0 0 0 0 0 0 0
396 9677720 0 0 0 0 0 0 0 0
397 19355440 1 1 0 0 0 0 0 0
400 10000310 0 0 0 0 0 10000310 0 0
401 20000620 0 0 10000310 0 0 10000310 0 0
403 10000310 0 0 0 0 0 0 0 0
fn=srandom_r
164 5 1 1 0 0 0 3 0 0
172 2 0 0 0 0 0 0 0 0
174 1 0 0 1 0 0 0 0 0
175 2 0 0 0 0 0 0 0 0
178 1 1 1 1 0 0 0 0 0
180 3 0 0 0 0 0 0 0 0
182 1 0 0 0 0 0 1 1 1
183 2 0 0 0 0 0 0 0 0
188 1 0 0 1 0 0 0 0 0
189 95 0 0 0 0 0 0 0 0
194 211 1 1 0 0 0 0 0 0
195 60 0 0 0 0 0 0 0 0
196 90 0 0 0 0 0 0 0 0
198 90 0 0 0 0 0 0 0 0
199 30 0 0 0 0 0 30 1 1
202 3 0 0 1 1 0 1 0 0
203 2 1 1 0 0 0 1 0 0
204 1 0 0 0 0 0 0 0 0
205 934 0 0 0 0 0 0 0 0
208 930 0 0 0 0 0 310 0 0
212 1 0 0 0 0 0 0 0 0
216 5 0 0 4 0 0 0 0 0
fl=/build/buildd/eglibc-2.19/string/../bits/stdlib-bsearch.h
fn=intel_check_word
27 8 1 1 0 0 0 0 0 0
28 16 0 0 0 0 0 0 0 0
29 110 0 0 0 0 0 0 0 0
31 154 0 0 0 0 0 0 0 0
32 54 0 0 0 0 0 0 0 0
37 8 1 1 0 0 0 0 0 0
fl=/build/buildd/eglibc-2.19/string/../string/memcmp.c
fn=bcmp
105 10 1 1 10 0 0 0 0 0
106 20 0 0 10 0 0 0 0 0
110 22 0 0 0 0 0 0 0 0
111 6 1 1 0 0 0 0 0 0
129 14 1 1 0 0 0 0 0 0
133 2 1 1 2 1 1 0 0 0
134 2 0 0 2 0 0 0 0 0
135 2 0 0 0 0 0 0 0 0
136 2 0 0 0 0 0 0 0 0
137 2 0 0 0 0 0 0 0 0
183 2 0 0 2 0 0 0 0 0
184 2 0 0 2 0 0 0 0 0
185 16 0 0 0 0 0 4 1 1
221 2 0 0 0 0 0 0 0 0
222 4 0 0 0 0 0 0 0 0
226 4 0 0 0 0 0 0 0 0
228 14 1 1 0 0 0 0 0 0
232 2 0 0 2 0 0 0 0 0
233 2 0 0 2 0 0 0 0 0
234 2 0 0 2 0 0 0 0 0
235 2 0 0 0 0 0 0 0 0
236 2 0 0 0 0 0 0 0 0
237 2 0 0 0 0 0 0 0 0
289 2 0 0 2 0 0 0 0 0
290 2 0 0 2 1 1 0 0 0
291 12 1 1 0 0 0 0 0 0
292 4 0 0 0 0 0 0 0 0
299 4 1 1 0 0 0 0 0 0
304 12 1 1 0 0 0 0 0 0
305 4 0 0 0 0 0 0 0 0
315 84 1 1 0 0 0 72 1 1
318 12 0 0 0 0 0 0 0 0
319 12 0 0 0 0 0 0 0 0
322 24 0 0 0 0 0 0 0 0
326 18 0 0 0 0 0 0 0 0
328 2 0 0 2 1 1 0 0 0
329 2 0 0 2 0 0 0 0 0
330 2 0 0 0 0 0 0 0 0
331 2 0 0 0 0 0 0 0 0
333 4 0 0 0 0 0 0 0 0
335 2 0 0 0 0 0 0 0 0
342 12 1 1 0 0 0 0 0 0
343 8 0 0 0 0 0 0 0 0
346 4 0 0 0 0 0 0 0 0
350 6 0 0 0 0 0 0 0 0
351 2 0 0 0 0 0 0 0 0
352 2 0 0 0 0 0 0 0 0
356 144 2 2 0 0 0 0 0 0
358 63 0 0 63 1 1 0 0 0
359 63 0 0 63 5 5 0 0 0
360 63 0 0 0 0 0 0 0 0
363 204 0 0 0 0 0 0 0 0
368 9 0 0 0 0 0 0 0 0
369 96 0 0 84 0 0 0 0 0
fl=/build/buildd/eglibc-2.19/string/../string/strstr.c
fn=__GI_strstr
53 40 1 1 0 0 0 30 0 0
58 10 0 0 0 0 0 0 0 0
63 20 1 1 5 0 0 0 0 0
65 10 1 1 5 1 1 0 0 0
66 5 1 1 0 0 0 0 0 0
89 40 0 0 35 0 0 0 0 0
fl=/build/buildd/eglibc-2.19/string/../sysdeps/x86_64/memcpy.S
fn=__GI_mempcpy
61 17 1 1 0 0 0 0 0 0
65 17 0 0 0 0 0 0 0 0
68 17 0 0 0 0 0 0 0 0
69 17 0 0 0 0 0 0 0 0
71 2 0 0 2 0 0 0 0 0
72 2 0 0 0 0 0 2 0 0
74 2 0 0 0 0 0 0 0 0
75 2 0 0 0 0 0 0 0 0
80 17 0 0 0 0 0 0 0 0
81 17 0 0 0 0 0 0 0 0
83 10 0 0 10 0 0 0 0 0
84 10 0 0 0 0 0 10 0 0
86 10 0 0 0 0 0 0 0 0
87 10 0 0 0 0 0 0 0 0
92 17 0 0 0 0 0 0 0 0
93 17 0 0 0 0 0 0 0 0
95 6 0 0 6 0 0 0 0 0
96 6 1 1 0 0 0 6 0 0
98 6 0 0 0 0 0 0 0 0
99 6 0 0 0 0 0 0 0 0
104 17 0 0 0 0 0 0 0 0
105 17 0 0 0 0 0 0 0 0
116 17 0 0 0 0 0 0 0 0
117 17 0 0 0 0 0 0 0 0
138 17 1 1 0 0 0 0 0 0
142 17 0 0 17 0 0 0 0 0
fn=mempcpy
61 15 1 1 0 0 0 0 0 0
65 15 0 0 0 0 0 0 0 0
68 14 0 0 0 0 0 0 0 0
69 14 0 0 0 0 0 0 0 0
71 5 0 0 5 1 1 0 0 0
72 5 0 0 0 0 0 5 1 1
74 5 0 0 0 0 0 0 0 0
75 5 0 0 0 0 0 0 0 0
80 14 0 0 0 0 0 0 0 0
81 14 0 0 0 0 0 0 0 0
83 10 0 0 10 0 0 0 0 0
84 10 0 0 0 0 0 10 0 0
86 10 0 0 0 0 0 0 0 0
87 10 0 0 0 0 0 0 0 0
92 14 0 0 0 0 0 0 0 0
93 14 0 0 0 0 0 0 0 0
95 5 0 0 5 0 0 0 0 0
96 5 0 0 0 0 0 5 0 0
98 5 0 0 0 0 0 0 0 0
99 5 0 0 0 0 0 0 0 0
104 14 0 0 0 0 0 0 0 0
105 14 0 0 0 0 0 0 0 0
107 7 0 0 7 0 0 0 0 0
108 7 0 0 0 0 0 7 1 1
110 7 0 0 0 0 0 0 0 0
111 14 0 0 0 0 0 0 0 0
116 14 1 1 0 0 0 0 0 0
117 16 0 0 0 0 0 0 0 0
122 2 0 0 2 1 0 0 0 0
123 2 0 0 2 0 0 0 0 0
124 2 0 0 0 0 0 2 1 1
125 2 0 0 0 0 0 2 0 0
127 2 0 0 0 0 0 0 0 0
129 2 0 0 0 0 0 0 0 0
130 2 0 0 0 0 0 0 0 0
132 2 0 0 0 0 0 0 0 0
138 14 0 0 0 0 0 0 0 0
142 14 0 0 14 0 0 0 0 0
154 2 1 1 0 0 0 0 0 0
156 2 0 0 0 0 0 0 0 0
157 2 0 0 0 0 0 0 0 0
183 2 0 0 0 0 0 0 0 0
184 2 0 0 0 0 0 0 0 0
187 2 0 0 0 0 0 0 0 0
188 2 0 0 0 0 0 0 0 0
189 2 0 0 0 0 0 0 0 0
194 2 1 1 0 0 0 0 0 0
196 2 0 0 2 0 0 0 0 0
197 2 0 0 2 0 0 0 0 0
198 2 0 0 2 0 0 0 0 0
199 2 0 0 2 0 0 0 0 0
201 2 0 0 0 0 0 2 0 0
202 2 0 0 0 0 0 2 1 1
203 2 0 0 0 0 0 2 0 0
204 2 0 0 0 0 0 2 1 1
206 2 0 0 0 0 0 0 0 0
207 2 0 0 0 0 0 0 0 0
209 2 0 0 0 0 0 0 0 0
231 2 1 1 0 0 0 0 0 0
233 2 0 0 0 0 0 0 0 0
235 1 0 0 0 0 0 0 0 0
242 1 0 0 1 0 0 0 0 0
fl=/build/buildd/eglibc-2.19/string/../sysdeps/x86_64/memset.S
fn=memset
53 27 1 1 0 0 0 0 0 0
54 27 0 0 0 0 0 0 0 0
55 27 0 0 0 0 0 0 0 0
56 27 0 0 0 0 0 0 0 0
57 27 0 0 0 0 0 0 0 0
59 27 0 0 0 0 0 0 0 0
60 27 0 0 0 0 0 0 0 0
77 27 1 1 0 0 0 0 0 0
78 27 0 0 0 0 0 27 0 0
79 27 0 0 0 0 0 0 0 0
80 27 0 0 0 0 0 27 5 4
81 27 0 0 0 0 0 27 1 1
82 27 0 0 0 0 0 27 12 10
83 27 0 0 0 0 0 27 5 5
84 27 0 0 0 0 0 27 5 4
85 27 1 1 0 0 0 27 13 13
86 27 0 0 0 0 0 27 2 2
87 27 0 0 0 0 0 0 0 0
88 27 0 0 0 0 0 0 0 0
89 27 0 0 0 0 0 0 0 0
90 54 0 0 0 0 0 0 0 0
93 1378663 0 0 0 0 0 1378663 1378607 1378367
94 1378663 0 0 0 0 0 1378663 0 0
95 1378663 0 0 0 0 0 1378663 0 0
96 1378663 0 0 0 0 0 1378663 0 0
97 1378663 0 0 0 0 0 0 0 0
98 1378663 0 0 0 0 0 0 0 0
99 1378663 0 0 0 0 0 0 0 0
100 27 1 1 27 12 11 0 0 0
fl=/build/buildd/eglibc-2.19/string/../sysdeps/x86_64/multiarch/../cacheinfo.c
fn=handle_intel
305 16 0 0 0 0 0 12 0 0
306 4 1 1 0 0 0 0 0 0
317 6 0 0 0 0 0 2 0 0
319 2 1 1 0 0 0 2 0 0
320 4 0 0 0 0 0 2 0 0
322 2 0 0 0 0 0 0 0 0
328 8 1 1 0 0 0 2 0 0
333 4 0 0 0 0 0 0 0 0
335 6 0 0 0 0 0 2 0 0
336 2 0 0 0 0 0 0 0 0
340 10 0 0 0 0 0 2 0 0
341 4 0 0 0 0 0 0 0 0
344 10 1 1 0 0 0 2 0 0
345 4 0 0 0 0 0 0 0 0
362 16 1 1 14 0 0 0 0 0
fn=init_cacheinfo
550 3 1 1 0 0 0 3 0 0
563 3 0 0 1 0 0 0 0 0
570 2 0 0 0 0 0 0 0 0
572 4 0 0 1 0 0 1 0 0
575 1 0 0 0 0 0 0 0 0
576 4 1 1 1 0 0 1 0 0
578 2 0 0 0 0 0 0 0 0
589 1 0 0 1 0 0 0 0 0
607 4 0 0 1 0 0 0 0 0
614 17 1 1 0 0 0 0 0 0
620 8 0 0 0 0 0 0 0 0
623 20 0 0 0 0 0 0 0 0
625 2 1 1 0 0 0 0 0 0
631 5 0 0 0 0 0 0 0 0
638 9 1 1 0 0 0 0 0 0
640 2 0 0 0 0 0 0 0 0
642 8 0 0 0 0 0 0 0 0
644 4 0 0 0 0 0 0 0 0
649 1 1 1 0 0 0 0 0 0
651 4 0 0 0 0 0 0 0 0
652 2 0 0 0 0 0 0 0 0
653 1 0 0 0 0 0 0 0 0
657 2 0 0 0 0 0 0 0 0
669 4 0 0 0 0 0 0 0 0
670 5 1 1 0 0 0 0 0 0
744 2 0 0 0 0 0 0 0 0
746 3 1 1 0 0 0 1 0 0
747 1 0 0 0 0 0 1 1 1
749 1 0 0 0 0 0 0 0 0
750 3 0 0 0 0 0 1 0 0
751 1 0 0 0 0 0 1 0 0
754 2 0 0 0 0 0 0 0 0
756 3 0 0 0 0 0 1 0 0
757 1 0 0 0 0 0 1 1 1
759 1 0 0 0 0 0 0 0 0
760 3 0 0 0 0 0 1 0 0
761 1 0 0 0 0 0 1 0 0
763 4 0 0 4 0 0 0 0 0
fn=intel_check_word
150 108 0 0 54 6 6 0 0 0
153 54 1 1 0 0 0 0 0 0
161 16 0 0 0 0 0 12 0 0
162 8 1 1 0 0 0 0 0 0
164 2 0 0 0 0 0 0 0 0
168 28 0 0 0 0 0 0 0 0
170 32 1 1 0 0 0 0 0 0
172 10 0 0 0 0 0 0 0 0
174 20 0 0 0 0 0 0 0 0
182 20 0 0 0 0 0 0 0 0
194 39 2 2 0 0 0 0 0 0
199 16 0 0 0 0 0 0 0 0
203 10 1 1 0 0 0 0 0 0
205 5 0 0 0 0 0 0 0 0
210 8 0 0 0 0 0 0 0 0
213 2 1 1 0 0 0 0 0 0
215 4 1 1 0 0 0 0 0 0
217 10 2 2 0 0 0 0 0 0
218 8 0 0 0 0 0 0 0 0
219 8 0 0 0 0 0 0 0 0
220 2 0 0 0 0 0 0 0 0
228 3 0 0 0 0 0 0 0 0
235 16 0 0 0 0 0 0 0 0
295 8 0 0 0 0 0 0 0 0
300 16 0 0 16 0 0 0 0 0
fl=/build/buildd/eglibc-2.19/string/../sysdeps/x86_64/multiarch/../memcpy.S
fn=memcpy
61 13 1 1 0 0 0 0 0 0
63 13 0 0 0 0 0 0 0 0
65 13 0 0 0 0 0 0 0 0
68 12 0 0 0 0 0 0 0 0
69 12 0 0 0 0 0 0 0 0
71 4 1 1 4 0 0 0 0 0
72 4 0 0 0 0 0 4 2 2
74 4 0 0 0 0 0 0 0 0
75 4 0 0 0 0 0 0 0 0
80 12 0 0 0 0 0 0 0 0
81 12 0 0 0 0 0 0 0 0
83 3 0 0 3 0 0 0 0 0
84 3 0 0 0 0 0 3 1 1
86 3 0 0 0 0 0 0 0 0
87 6 0 0 0 0 0 0 0 0
92 12 0 0 0 0 0 0 0 0
93 12 0 0 0 0 0 0 0 0
95 2 0 0 2 0 0 0 0 0
96 2 0 0 0 0 0 2 0 0
98 2 0 0 0 0 0 0 0 0
99 2 0 0 0 0 0 0 0 0
104 12 0 0 0 0 0 0 0 0
105 12 0 0 0 0 0 0 0 0
107 6 0 0 6 0 0 0 0 0
108 6 0 0 0 0 0 6 0 0
110 6 0 0 0 0 0 0 0 0
111 6 0 0 0 0 0 0 0 0
116 12 1 1 0 0 0 0 0 0
117 18 0 0 0 0 0 0 0 0
122 6 0 0 6 0 0 0 0 0
123 6 0 0 6 0 0 0 0 0
124 6 0 0 0 0 0 6 0 0
125 6 0 0 0 0 0 6 2 2
127 6 0 0 0 0 0 0 0 0
129 6 0 0 0 0 0 0 0 0
130 6 0 0 0 0 0 0 0 0
132 6 0 0 0 0 0 0 0 0
140 12 0 0 12 0 0 0 0 0
148 5 0 0 0 0 0 5 0 0
154 5 0 0 0 0 0 0 0 0
156 5 0 0 0 0 0 0 0 0
157 5 0 0 0 0 0 0 0 0
160 1 0 0 0 0 0 0 0 0
161 2 0 0 0 0 0 0 0 0
166 7 0 0 7 0 0 0 0 0
167 7 0 0 0 0 0 7 0 0
169 7 0 0 0 0 0 0 0 0
171 7 0 0 0 0 0 0 0 0
172 7 0 0 0 0 0 0 0 0
174 8 0 0 0 0 0 0 0 0
183 5 1 1 0 0 0 0 0 0
184 5 0 0 0 0 0 0 0 0
187 5 0 0 0 0 0 0 0 0
188 5 0 0 0 0 0 0 0 0
189 5 0 0 0 0 0 0 0 0
194 4 1 1 0 0 0 0 0 0
196 4 0 0 4 0 0 0 0 0
197 4 0 0 4 0 0 0 0 0
198 4 0 0 4 0 0 0 0 0
199 4 0 0 4 0 0 0 0 0
201 4 0 0 0 0 0 4 1 1
202 4 0 0 0 0 0 4 0 0
203 4 0 0 0 0 0 4 0 0
204 4 0 0 0 0 0 4 0 0
206 4 0 0 0 0 0 0 0 0
207 4 0 0 0 0 0 0 0 0
209 4 0 0 0 0 0 0 0 0
231 5 1 1 0 0 0 0 0 0
237 5 0 0 5 0 0 0 0 0
238 5 0 0 0 0 0 0 0 0
240 1 0 0 1 0 0 0 0 0
fl=/build/buildd/eglibc-2.19/string/../sysdeps/x86_64/multiarch/../rtld-strlen.S
fn=strlen
26 13 1 1 0 0 0 0 0 0
27 13 0 0 0 0 0 0 0 0
28 13 0 0 0 0 0 0 0 0
29 13 0 0 0 0 0 0 0 0
31 6 0 0 0 0 0 0 0 0
32 6 0 0 0 0 0 0 0 0
34 29 0 0 29 1 1 0 0 0
35 29 0 0 0 0 0 0 0 0
36 28 0 0 0 0 0 0 0 0
37 28 0 0 0 0 0 0 0 0
38 28 0 0 0 0 0 0 0 0
40 24 1 1 0 0 0 0 0 0
45 16 0 0 16 0 0 0 0 0
46 16 0 0 0 0 0 0 0 0
47 16 0 0 0 0 0 0 0 0
48 16 0 0 0 0 0 0 0 0
51 16 0 0 0 0 0 0 0 0
52 15 0 0 0 0 0 0 0 0
53 15 0 0 0 0 0 0 0 0
54 15 0 0 0 0 0 0 0 0
56 15 0 0 0 0 0 0 0 0
59 13 0 0 13 0 0 0 0 0
60 13 0 0 0 0 0 0 0 0
61 13 0 0 0 0 0 0 0 0
62 13 0 0 0 0 0 0 0 0
65 13 0 0 0 0 0 0 0 0
66 7 0 0 0 0 0 0 0 0
67 7 0 0 0 0 0 0 0 0
68 7 1 1 0 0 0 0 0 0
70 7 0 0 0 0 0 0 0 0
73 6 0 0 6 0 0 0 0 0
74 6 0 0 0 0 0 0 0 0
75 6 0 0 0 0 0 0 0 0
76 6 0 0 0 0 0 0 0 0
79 6 0 0 0 0 0 0 0 0
80 6 0 0 0 0 0 0 0 0
81 6 0 0 0 0 0 0 0 0
82 6 0 0 0 0 0 0 0 0
84 6 0 0 0 0 0 0 0 0
87 6 0 0 6 0 0 0 0 0
88 6 0 0 0 0 0 0 0 0
89 6 0 0 0 0 0 0 0 0
90 6 0 0 0 0 0 0 0 0
93 6 0 0 0 0 0 0 0 0
94 5 0 0 0 0 0 0 0 0
95 5 0 0 0 0 0 0 0 0
96 5 0 0 0 0 0 0 0 0
98 6 0 0 0 0 0 0 0 0
101 12 1 1 0 0 0 0 0 0
103 12 0 0 0 0 0 0 0 0
104 12 0 0 0 0 0 0 0 0
105 11 0 0 0 0 0 0 0 0
107 11 0 0 0 0 0 0 0 0
108 11 0 0 0 0 0 0 0 0
109 11 0 0 0 0 0 0 0 0
111 11 0 0 0 0 0 0 0 0
112 11 0 0 0 0 0 0 0 0
113 8 0 0 0 0 0 0 0 0
115 8 0 0 0 0 0 0 0 0
116 8 0 0 0 0 0 0 0 0
117 7 0 0 0 0 0 0 0 0
119 7 0 0 0 0 0 0 0 0
121 7 0 0 0 0 0 0 0 0
122 7 0 0 0 0 0 0 0 0
123 7 0 0 0 0 0 0 0 0
125 7 0 0 0 0 0 0 0 0
126 7 0 0 0 0 0 0 0 0
127 7 0 0 0 0 0 0 0 0
129 7 0 0 0 0 0 0 0 0
130 7 0 0 0 0 0 0 0 0
131 5 0 0 0 0 0 0 0 0
133 13 1 1 0 0 0 0 0 0
134 13 0 0 13 0 0 0 0 0
fl=/build/buildd/eglibc-2.19/string/../sysdeps/x86_64/multiarch/../strchr.S
fn=index
24 7 1 1 0 0 0 0 0 0
25 7 0 0 0 0 0 0 0 0
26 7 0 0 0 0 0 0 0 0
27 7 0 0 0 0 0 0 0 0
28 7 0 0 0 0 0 0 0 0
29 7 0 0 0 0 0 0 0 0
30 7 0 0 0 0 0 0 0 0
31 7 0 0 0 0 0 0 0 0
32 7 0 0 7 2 2 0 0 0
33 7 0 0 0 0 0 0 0 0
34 7 0 0 0 0 0 0 0 0
35 7 1 1 0 0 0 0 0 0
36 7 0 0 0 0 0 0 0 0
37 7 0 0 0 0 0 0 0 0
38 7 0 0 0 0 0 0 0 0
39 7 0 0 0 0 0 0 0 0
40 7 0 0 0 0 0 0 0 0
41 5 0 0 0 0 0 0 0 0
45 5 0 0 0 0 0 0 0 0
46 5 0 0 0 0 0 0 0 0
47 5 0 0 5 0 0 0 0 0
48 5 0 0 0 0 0 0 0 0
50 5 0 0 5 0 0 0 0 0
54 2 0 0 2 0 0 0 0 0
55 2 0 0 0 0 0 0 0 0
56 2 0 0 0 0 0 0 0 0
57 2 0 0 0 0 0 0 0 0
58 2 0 0 0 0 0 0 0 0
59 2 1 1 0 0 0 0 0 0
60 2 0 0 2 0 0 0 0 0
61 2 0 0 0 0 0 0 0 0
62 2 0 0 0 0 0 0 0 0
63 2 0 0 0 0 0 0 0 0
64 2 0 0 0 0 0 0 0 0
65 2 0 0 0 0 0 0 0 0
66 2 0 0 0 0 0 0 0 0
67 2 0 0 2 1 1 0 0 0
68 2 0 0 0 0 0 0 0 0
69 2 0 0 0 0 0 0 0 0
70 2 0 0 0 0 0 0 0 0
71 2 0 0 0 0 0 0 0 0
72 2 0 0 0 0 0 0 0 0
73 2 0 0 0 0 0 0 0 0
74 2 0 0 0 0 0 0 0 0
75 2 1 1 0 0 0 0 0 0
76 2 0 0 0 0 0 0 0 0
77 2 0 0 0 0 0 0 0 0
129 2 1 1 0 0 0 0 0 0
133 2 0 0 0 0 0 0 0 0
134 2 0 0 0 0 0 0 0 0
135 2 0 0 2 0 0 0 0 0
136 2 1 1 0 0 0 0 0 0
138 2 0 0 2 0 0 0 0 0
fl=/build/buildd/eglibc-2.19/string/../sysdeps/x86_64/multiarch/../strcmp.S
fn=strcmp
131 1675 1 1 1675 42 28 0 0 0
132 1675 0 0 1675 21 13 0 0 0
133 1675 0 0 0 0 0 0 0 0
134 1555 0 0 0 0 0 0 0 0
135 1555 0 0 0 0 0 0 0 0
136 1555 0 0 0 0 0 0 0 0
137 1555 0 0 0 0 0 0 0 0
139 130 0 0 0 0 0 0 0 0
140 130 0 0 130 0 0 0 0 0
142 120 0 0 0 0 0 0 0 0
143 120 0 0 0 0 0 0 0 0
144 120 0 0 0 0 0 0 0 0
145 120 0 0 120 0 0 0 0 0
fl=/build/buildd/eglibc-2.19/string/../sysdeps/x86_64/multiarch/memmove.c
fn=memcpy@GLIBC_2.2.5
49 1 1 1 0 0 0 0 0 0
fl=/build/buildd/eglibc-2.19/string/../sysdeps/x86_64/multiarch/strcmp.S
fn=strcasecmp
114 1 1 1 1 1 1 0 0 0
115 1 0 0 0 0 0 0 0 0
116 1 0 0 0 0 0 1 0 0
119 1 0 0 0 0 0 0 0 0
120 1 0 0 1 0 0 0 0 0
121 1 1 1 0 0 0 0 0 0
132 1 0 0 1 0 0 0 0 0
fn=strncasecmp
140 1 1 1 1 0 0 0 0 0
141 1 0 0 0 0 0 0 0 0
145 1 0 0 0 0 0 0 0 0
146 1 0 0 1 0 0 0 0 0
147 1 0 0 0 0 0 0 0 0
158 1 1 1 1 0 0 0 0 0
fl=/build/buildd/eglibc-2.19/string/../sysdeps/x86_64/rtld-memset.S
fn=memset
30 13 2 2 0 0 0 0 0 0
31 13 0 0 0 0 0 0 0 0
32 13 0 0 0 0 0 0 0 0
33 2161 0 0 0 0 0 2148 34 34
34 13 0 0 0 0 0 0 0 0
35 13 0 0 13 0 0 0 0 0
fl=/build/buildd/eglibc-2.19/string/../sysdeps/x86_64/strchr.S
fn=strchrnul
24 17 1 1 0 0 0 0 0 0
25 17 0 0 0 0 0 0 0 0
26 17 0 0 0 0 0 0 0 0
27 17 0 0 0 0 0 0 0 0
28 17 0 0 0 0 0 0 0 0
29 17 0 0 0 0 0 0 0 0
30 17 0 0 0 0 0 0 0 0
31 17 0 0 0 0 0 0 0 0
32 17 0 0 17 6 6 0 0 0
33 17 0 0 0 0 0 0 0 0
34 17 0 0 0 0 0 0 0 0
35 17 0 0 0 0 0 0 0 0
36 17 0 0 0 0 0 0 0 0
37 17 0 0 0 0 0 0 0 0
38 17 0 0 0 0 0 0 0 0
39 17 1 1 0 0 0 0 0 0
40 17 0 0 0 0 0 0 0 0
41 17 0 0 0 0 0 0 0 0
43 17 0 0 0 0 0 0 0 0
50 17 0 0 17 0 0 0 0 0
fl=/build/buildd/eglibc-2.19/string/../sysdeps/x86_64/strrchr.S
fn=rindex
24 1 1 1 0 0 0 0 0 0
25 1 0 0 0 0 0 0 0 0
26 1 0 0 0 0 0 0 0 0
27 1 0 0 0 0 0 0 0 0
28 1 0 0 0 0 0 0 0 0
29 1 0 0 0 0 0 0 0 0
30 1 0 0 0 0 0 0 0 0
31 1 0 0 0 0 0 0 0 0
32 1 0 0 1 1 0 0 0 0
33 1 0 0 0 0 0 0 0 0
34 1 0 0 0 0 0 0 0 0
35 1 0 0 0 0 0 0 0 0
36 1 0 0 0 0 0 0 0 0
37 1 0 0 0 0 0 0 0 0
38 1 1 1 0 0 0 0 0 0
39 1 0 0 0 0 0 0 0 0
40 1 0 0 0 0 0 0 0 0
41 1 0 0 0 0 0 0 0 0
42 1 0 0 0 0 0 0 0 0
43 1 0 0 0 0 0 0 0 0
44 1 0 0 0 0 0 0 0 0
45 1 0 0 0 0 0 0 0 0
46 1 0 0 0 0 0 0 0 0
47 1 0 0 1 0 0 0 0 0
fl=/build/buildd/eglibc-2.19/time/../sysdeps/generic/dl-hash.h
fn=gettimeofday
43 1 0 0 0 0 0 0 0 0
44 1 1 1 0 0 0 0 0 0
45 13 1 1 4 0 0 0 0 0
48 12 0 0 0 0 0 0 0 0
49 8 0 0 0 0 0 0 0 0
62 8 0 0 0 0 0 0 0 0
67 1 0 0 0 0 0 0 0 0
fn=time
43 2 0 0 0 0 0 0 0 0
44 2 0 0 0 0 0 0 0 0
45 26 0 0 8 1 1 0 0 0
48 24 0 0 0 0 0 0 0 0
49 16 1 1 0 0 0 0 0 0
62 16 0 0 0 0 0 0 0 0
67 2 0 0 0 0 0 0 0 0
fl=/build/buildd/eglibc-2.19/time/../sysdeps/unix/sysv/linux/clock.c
fn=clock
29 10 1 1 0 0 0 0 0 0
35 50 0 0 0 0 0 10 0 0
38 30 0 0 10 0 0 0 0 0
39 70 1 1 10 0 0 0 0 0
40 20 0 0 10 0 0 0 0 0
fl=/build/buildd/eglibc-2.19/time/../sysdeps/unix/sysv/linux/x86_64/gettimeofday.c
fn=gettimeofday
30 1 0 0 0 0 0 0 0 0
31 7 0 0 0 0 0 4 0 0
34 3 0 0 0 0 0 1 0 0
35 3 0 0 0 0 0 0 0 0
36 3 0 0 1 0 0 0 0 0
fl=/build/buildd/eglibc-2.19/time/../sysdeps/unix/sysv/linux/x86_64/time.c
fn=time
36 2 0 0 0 0 0 0 0 0
37 14 1 1 0 0 0 8 0 0
40 12 1 1 0 0 0 2 0 0
41 6 0 0 2 0 0 0 0 0
fl=/home/seth/Documents/MatrixMultiply/mainFix.c
fn=main
23 9 1 1 0 0 0 6 0 0
25 2 0 0 0 0 0 1 0 0
30 2 1 1 0 0 0 0 0 0
37 4 0 0 0 0 0 1 0 0
38 4 1 1 0 0 0 1 0 0
39 4 0 0 0 0 0 1 0 0
40 4 0 0 0 0 0 1 0 0
41 4 0 0 0 0 0 1 0 0
47 6 1 1 0 0 0 1 0 0
48 6 0 0 0 0 0 1 0 0
49 6 0 0 0 0 0 1 0 0
50 6 1 1 0 0 0 1 0 0
51 6 0 0 0 0 0 1 0 0
53 2 0 0 0 0 0 1 0 0
54 2 0 0 0 0 0 1 0 0
55 2 0 0 0 0 0 1 0 0
56 2 0 0 0 0 0 1 0 0
57 2 0 0 0 0 0 1 0 0
71 1 0 0 0 0 0 0 0 0
72 8 1 1 7 1 1 0 0 0
fn=testBaseFun
116 12 1 1 0 0 0 7 0 0
119 2 0 0 0 0 0 1 0 0
120 4 1 1 0 0 0 1 0 0
121 4 0 0 0 0 0 1 0 0
122 2 0 0 0 0 0 1 0 0
123 2 0 0 0 0 0 1 0 0
125 2 0 0 0 0 0 1 0 0
127 5 0 0 0 0 0 2 0 0
129 1 1 1 0 0 0 1 0 0
130 3 0 0 1 1 1 0 0 0
133 2 0 0 0 0 0 0 0 0
145 2 1 1 0 0 0 1 0 0
146 2 0 0 0 0 0 1 0 0
147 2 0 0 0 0 0 0 0 0
148 7 0 0 6 1 1 0 0 0
fn=testCacheObliv
294 12 1 1 0 0 0 8 0 0
299 2 1 1 0 0 0 1 0 0
300 4 0 0 0 0 0 1 0 0
301 4 0 0 0 0 0 1 0 0
302 2 0 0 0 0 0 1 0 0
303 2 0 0 0 0 0 1 0 0
307 2 0 0 0 0 0 2 0 0
308 13 1 1 3 1 1 5 0 0
309 1 0 0 0 0 0 1 0 0
311 3 0 0 2 1 1 0 0 0
315 3 0 0 1 0 0 0 0 0
337 2 0 0 0 0 0 1 0 0
338 2 0 0 0 0 0 1 0 0
339 2 1 1 0 0 0 0 0 0
340 7 0 0 6 1 1 0 0 0
fn=testFix1
150 12 1 1 0 0 0 8 0 0
153 2 0 0 0 0 0 1 0 0
154 4 0 0 0 0 0 1 0 0
156 4 1 1 0 0 0 1 0 0
157 2 0 0 0 0 0 1 0 0
158 2 0 0 0 0 0 1 0 0
160 2 0 0 0 0 0 2 0 0
162 5 0 0 0 0 0 2 0 0
164 1 0 0 0 0 0 1 0 0
166 3 0 0 2 1 1 0 0 0
169 3 0 0 1 0 0 0 0 0
189 2 0 0 0 0 0 1 0 0
190 2 0 0 0 0 0 1 0 0
191 2 0 0 0 0 0 0 0 0
192 7 1 1 6 1 1 0 0 0
fn=testFix2
196 12 1 1 0 0 0 8 0 0
199 2 1 1 0 0 0 1 0 0
200 4 0 0 0 0 0 1 0 0
202 2 0 0 0 0 0 1 0 0
203 2 0 0 0 0 0 1 0 0
204 4 0 0 0 0 0 1 0 0
208 2 0 0 0 0 0 2 0 0
210 5 1 1 0 0 0 2 0 0
212 1 0 0 0 0 0 1 0 0
213 3 0 0 2 1 1 0 0 0
217 3 0 0 1 0 0 0 0 0
239 2 0 0 0 0 0 1 0 0
240 2 0 0 0 0 0 1 0 0
241 2 0 0 0 0 0 0 0 0
242 7 0 0 6 1 1 0 0 0
fn=testFix3
244 12 1 1 0 0 0 8 0 0
247 2 0 0 0 0 0 1 0 0
248 4 0 0 0 0 0 1 0 0
250 4 1 1 0 0 0 1 0 0
251 2 0 0 0 0 0 1 0 0
252 2 0 0 0 0 0 1 0 0
257 2 0 0 0 0 0 2 0 0
259 5 0 0 0 0 0 2 0 0
263 1 0 0 0 0 0 1 0 0
265 3 0 0 2 1 1 0 0 0
268 3 0 0 1 0 0 0 0 0
289 2 0 0 0 0 0 1 0 0
290 2 0 0 0 0 0 1 0 0
291 2 0 0 0 0 0 0 0 0
292 7 1 1 6 1 1 0 0 0
fl=/home/seth/Documents/MatrixMultiply/matrixFix.c
fn=deleteMatrix
82 30 1 1 0 0 0 15 0 0
83 45 0 0 30 10 4 15 0 0
84 30 0 0 15 0 0 15 0 0
85 30 1 1 0 0 0 0 0 0
86 15 0 0 15 0 0 0 0 0
fn=matrixInit
15 1 1 1 0 0 0 0 0 0
16 4 0 0 0 0 0 1 0 0
17 1 0 0 0 0 0 0 0 0
fn=matrixProduct
132 6 1 1 0 0 0 5 0 0
134 5 0 0 0 0 0 0 0 0
139 3 1 1 2 1 1 0 0 0
145 7 0 0 4 0 0 0 0 0
153 2007 1 1 0 0 0 0 0 0
154 2005000 0 0 0 0 0 0 0 0
155 2012000000 0 0 6000000 4122999 125253 0 0 0
156 6000000000 1 1 3000000000 1250999001 125114764 1000000000 0 0
162 1 0 0 0 0 0 0 0 0
164 6 0 0 6 1 1 0 0 0
fn=matrixProductCacheObliv
337 1381371 0 0 0 0 0 0 0 0
339 416620 0 0 0 0 0 0 0 0
348 4718583 1 1 0 0 0 3670009 8682 23
353 2621435 1 1 0 0 0 0 0 0
358 1572861 0 0 1048574 0 0 0 0 0
364 3670009 0 0 2097148 1 1 0 0 0
369 6303738 1 1 1435648 0 0 286720 0 0
373 15532032 2 2 5144576 0 0 1048576 1 1
374 152576000 0 0 76288000 0 0 0 0 0
375 2304000000 2 2 640000000 246595 1495 0 0 0
376 7169572864 3 3 2600000000 13224478 1050744 1000524288 0 0
385 497662 1 1 0 0 0 0 0 0
388 269165 1 1 0 0 0 0 0 0
389 699829 1 1 215332 0 0 215332 6 6
390 538330 0 0 215332 12953 18 161499 0 0
396 492396 1 1 82066 0 0 0 0 0
397 984792 1 1 246198 0 0 328264 6 6
398 574462 0 0 246198 16000 7 246198 1034 0
404 757464 0 0 126244 0 0 0 0 0
405 1514928 1 1 252488 0 0 504976 6 6
406 2611043 0 0 378732 13977 8 640875 1655 0
407 524287 0 0 0 0 0 0 0 0
410 5242868 1 1 4718581 51571 50 0 0 0
fn=matrixProductFix1
166 9 1 1 0 0 0 7 0 0
168 5 0 0 0 0 0 0 0 0
173 3 0 0 2 1 1 0 0 0
179 8 1 1 5 0 0 1 0 0
188 1014 1 1 502 500 500 1 0 0
189 506000 0 0 2500 999 500 0 0 0
193 503000000 1 1 1000000 748999 126 0 0 0
195 1500000000 1 1 750000000 312749501 62551312 0 0 0
196 750000000 0 0 250000000 0 0 0 0 0
197 1000000000 0 0 250000000 31250500 63000 0 0 0
198 500000000 0 0 0 0 0 0 0 0
202 250000 0 0 0 0 0 250000 250000 62501
203 250000 0 0 0 0 0 250000 0 0
204 500000 1 1 0 0 0 250000 250000 63000
205 500000 0 0 0 0 0 250000 0 0
210 1 0 0 0 0 0 0 0 0
212 8 0 0 7 1 1 0 0 0
fn=matrixProductFix2
222 9 1 1 0 0 0 7 0 0
224 5 1 1 0 0 0 0 0 0
229 3 0 0 2 2 2 0 0 0
235 9 0 0 5 0 0 2 0 0
245 162 1 1 103 50 0 2 1 1
246 50 0 0 50 0 0 0 0 0
247 50450 1 1 25150 25049 48 50 0 0
248 525000 0 0 0 0 0 0 0 0
252 503125000 1 1 1025000 774448 125 0 0 0
254 1500000000 0 0 750000000 312524451 6313174 0 0 0
255 750000000 0 0 250000000 0 0 0 0 0
256 1000000000 1 1 250000000 31500000 63000 0 0 0
257 500000000 0 0 0 0 0 0 0 0
261 750000 0 0 250000 250000 123 250000 250000 62951
262 250000 0 0 0 0 0 250000 0 0
263 750000 0 0 250000 0 0 250000 250000 63000
264 250000 1 1 0 0 0 250000 0 0
270 1 0 0 0 0 0 0 0 0
272 8 0 0 7 1 1 0 0 0
fn=matrixProductFix3
275 32000011 2 2 11000000 715 140 9 0 0
277 4 0 0 0 0 0 0 0 0
282 6 0 0 2 1 1 1 0 0
288 11 1 1 7 1 1 2 0 0
299 261 1 1 202 0 0 4 0 0
300 2400 0 0 1150 0 0 100 1 1
301 1523000 3 3 1012000 2957 3 4000 0 0
302 10500000 0 0 5000000 0 0 0 0 0
303 20000000 1 1 10000000 201 126 0 0 0
304 1750001 0 0 0 0 0 0 0 0
307 4750000 0 0 4750000 1188453 0 0 0 0
308 9500000 0 0 4750000 0 0 0 0 0
309 24250000 0 0 14500000 0 0 0 0 0
310 9500000 0 0 4750000 1187524 0 0 0 0
313 515000000 0 0 0 0 0 0 0 0
315 1500000000 1 1 750000000 6369793 6319251 0 0 0
316 750000000 0 0 250000000 0 0 0 0 0
317 1000000000 1 1 250000000 64453 62999 0 0 0
318 500000000 0 0 0 0 0 0 0 0
322 5000000 0 0 0 0 0 5000000 62951 62451
323 5000000 0 0 0 0 0 5000000 0 0
324 5000000 0 0 0 0 0 5000000 63000 62550
325 5000000 0 0 0 0 0 5000000 0 0
332 1 0 0 0 0 0 0 0 0
334 500008 1 1 250007 1 1 0 0 0
fn=newMatrix
21 90 1 1 0 0 0 60 0 0
23 75 0 0 0 0 0 0 0 0
27 45 0 0 0 0 0 15 0 0
28 15 0 0 0 0 0 15 0 0
29 15 0 0 0 0 0 15 0 0
30 75 0 0 0 0 0 30 0 0
33 90 1 1 0 0 0 30 12 11
38 60045 0 0 14970 7 6 0 0 0
39 59940 1 1 14985 0 0 14985 1496 1371
43 105 0 0 75 12 11 0 0 0
fn=randomizeMatrix
46 60 1 1 0 0 0 50 0 0
49 20060 0 0 20 4 4 0 0 0
50 50080000 0 0 10010000 0 0 0 0 0
51 60000000 1 1 20000000 1252 1203 20000000 1250009 1250008
54 60 0 0 60 10 10 0 0 0
fl=/usr/include/stdlib.h
fn=main
280 5 0 0 1 0 0 1 0 0
fl=/usr/include/x86_64-linux-gnu/bits/stdio2.h
fn=main
104 5 0 0 0 0 0 1 0 0
fn=testBaseFun
97 7 0 0 1 0 0 1 0 0
fn=testCacheObliv
97 7 1 1 1 0 0 1 0 0
fn=testFix1
97 7 1 1 1 0 0 1 0 0
fn=testFix2
97 7 1 1 1 0 0 1 0 0
fn=testFix3
97 7 1 1 1 0 0 1 0 0
fl=???
fn=???
0 10000376 30 25 10000250 41 34 53 1 1
fn=__libc_csu_init
0 34 3 3 8 1 0 8 0 0
fn=_dl_debug_initialize
0 4 1 1 3 0 0 0 0 0
fn=memcpy@GLIBC_2.2.5
0 12 1 1 4 0 0 0 0 0
summary: 31200829349 1190 1183 10337155595 1967330628 201670648 2115182421 3768262 3006978
